## Posterior distribution for f, given N = 50.0 radio-detected PBHs. PBH Mass: 100M_sun
#M_sunPrior: jeffreys
## Columns: f, P(f|N)
1e-07	 7.09275887534e-19
1.01392540756e-07	 7.15268688233e-19
1.02804473209e-07	 7.21323383348e-19
1.04236067398e-07	 7.2744084737e-19
1.05687597118e-07	 7.3362197151e-19
1.07159339982e-07	 7.3986766409e-19
1.08651577465e-07	 7.46178850943e-19
1.10164594963e-07	 7.52556475829e-19
1.11698681847e-07	 7.59001500853e-19
1.13254131515e-07	 7.65514906905e-19
1.14831241454e-07	 7.72097694104e-19
1.16430313292e-07	 7.78750882256e-19
1.18051652857e-07	 7.85475511329e-19
1.19695570236e-07	 7.92272641931e-19
1.21362379834e-07	 7.99143355813e-19
1.23052400436e-07	 8.06088756376e-19
1.24765955263e-07	 8.13109969198e-19
1.2650337204e-07	 8.20208142572e-19
1.28264983053e-07	 8.2738444806e-19
1.30051125217e-07	 8.34640081067e-19
1.31862140139e-07	 8.41976261419e-19
1.33698374182e-07	 8.49394233972e-19
1.35560178533e-07	 8.56895269226e-19
1.37447909268e-07	 8.64480663966e-19
1.39361927422e-07	 8.72151741909e-19
1.4130259906e-07	 8.79909854384e-19
1.43270295341e-07	 8.8775638102e-19
1.45265392595e-07	 8.95692730457e-19
1.47288272391e-07	 9.0372034108e-19
1.49339321612e-07	 9.11840681769e-19
1.5141893253e-07	 9.20055252676e-19
1.53527502878e-07	 9.2836558602e-19
1.55665435927e-07	 9.36773246908e-19
1.57833140565e-07	 9.45279834177e-19
1.60031031374e-07	 9.53886981262e-19
1.62259528708e-07	 9.62596357092e-19
1.64519058775e-07	 9.71409667008e-19
1.6681005372e-07	 9.80328653709e-19
1.69132951703e-07	 9.89355098228e-19
1.71488196987e-07	 9.98490820935e-19
1.73876240022e-07	 1.00773768257e-18
1.76297537529e-07	 1.01709758531e-18
1.7875255259e-07	 1.02657247386e-18
1.81241754737e-07	 1.03616433658e-18
1.83765620039e-07	 1.04587520667e-18
1.86324631193e-07	 1.05570716334e-18
1.88919277621e-07	 1.06566233304e-18
1.91550055557e-07	 1.07574289078e-18
1.94217468149e-07	 1.08595106138e-18
1.96922025548e-07	 1.09628912086e-18
1.99664245011e-07	 1.10675939783e-18
2.02444650998e-07	 1.1173642749e-18
2.05263775271e-07	 1.1281061902e-18
2.08122156999e-07	 1.13898763887e-18
2.11020342857e-07	 1.15001117465e-18
2.13958887134e-07	 1.16117941151e-18
2.16938351839e-07	 1.17249502529e-18
2.19959306803e-07	 1.18396075549e-18
2.23022329797e-07	 1.19557940698e-18
2.26128006634e-07	 1.20735385189e-18
2.29276931287e-07	 1.21928703148e-18
2.32469705999e-07	 1.23138195813e-18
2.357069414e-07	 1.2436417173e-18
2.38989256623e-07	 1.25606946967e-18
2.42317279424e-07	 1.26866845328e-18
2.45691646298e-07	 1.28144198574e-18
2.49113002607e-07	 1.29439346654e-18
2.52582002696e-07	 1.30752637941e-18
2.56099310026e-07	 1.32084429477e-18
2.59665597293e-07	 1.33435087226e-18
2.63281546565e-07	 1.34804986336e-18
2.66947849403e-07	 1.36194511408e-18
2.70665207003e-07	 1.37604056775e-18
2.74434330323e-07	 1.39034026791e-18
2.78255940221e-07	 1.40484836128e-18
2.82130767594e-07	 1.41956910086e-18
2.86059553518e-07	 1.43450684908e-18
2.90043049386e-07	 1.44966608113e-18
2.94082017059e-07	 1.46505138833e-18
2.98177229002e-07	 1.48066748168e-18
3.02329468441e-07	 1.49651919549e-18
3.06539529506e-07	 1.51261149116e-18
3.10808217387e-07	 1.52894946105e-18
3.15136348487e-07	 1.54553833255e-18
3.19524750576e-07	 1.56238347224e-18
3.23974262953e-07	 1.5794903902e-18
3.28485736603e-07	 1.5968647445e-18
3.33060034362e-07	 1.61451234585e-18
3.37698031083e-07	 1.63243916233e-18
3.42400613797e-07	 1.65065132446e-18
3.47168681893e-07	 1.66915513023e-18
3.5200314728e-07	 1.68795705054e-18
3.56904934568e-07	 1.70706373463e-18
3.61874981241e-07	 1.72648201588e-18
3.6691423784e-07	 1.74621891766e-18
3.72023668141e-07	 1.76628165956e-18
3.77204249342e-07	 1.7866776637e-18
3.82456972247e-07	 1.80741456136e-18
3.87782841459e-07	 1.82850019985e-18
3.93182875571e-07	 1.84994264956e-18
3.98658107358e-07	 1.87175021139e-18
4.0420958398e-07	 1.89393142436e-18
4.09838367176e-07	 1.91649507355e-18
4.15545533472e-07	 1.93945019834e-18
4.21332174385e-07	 1.96280610094e-18
4.27199396631e-07	 1.98657235528e-18
4.33148322338e-07	 2.01075881618e-18
4.3918008926e-07	 2.03537562895e-18
4.45295850994e-07	 2.0604332393e-18
4.51496777204e-07	 2.08594240367e-18
4.57784053838e-07	 2.11191419991e-18
4.64158883361e-07	 2.13836003844e-18
4.70622484984e-07	 2.16529167381e-18
4.77176094894e-07	 2.19272121674e-18
4.83820966493e-07	 2.22066114658e-18
4.90558370637e-07	 2.24912432435e-18
4.97389595879e-07	 2.27812400622e-18
5.04315948717e-07	 2.30767385758e-18
5.11338753841e-07	 2.33778796765e-18
5.18459354389e-07	 2.36848086471e-18
5.25679112202e-07	 2.39976753189e-18
5.32999408084e-07	 2.43166342369e-18
5.40421642071e-07	 2.46418448308e-18
5.4794723369e-07	 2.49734715938e-18
5.5557762224e-07	 2.53116842683e-18
5.6331426706e-07	 2.56566580396e-18
5.71158647813e-07	 2.60085737377e-18
5.79112264764e-07	 2.63676180469e-18
5.87176639073e-07	 2.67339837252e-18
5.95353313081e-07	 2.71078698322e-18
6.03643850608e-07	 2.74894819669e-18
6.12049837248e-07	 2.7879032516e-18
6.20572880678e-07	 2.8276740912e-18
6.29214610961e-07	 2.86828339032e-18
6.37976680861e-07	 2.90975458348e-18
6.46860766155e-07	 2.95211189428e-18
6.55868565957e-07	 2.99538036598e-18
6.65001803043e-07	 3.03958589351e-18
6.74262224178e-07	 3.08475525685e-18
6.83651600451e-07	 3.13091615584e-18
6.93171727616e-07	 3.17809724664e-18
7.02824426431e-07	 3.2263281797e-18
7.12611543011e-07	 3.27563963951e-18
7.22534949179e-07	 3.32606338611e-18
7.32596542822e-07	 3.37763229848e-18
7.42798248256e-07	 3.43038041987e-18
7.53142016597e-07	 3.4843430053e-18
7.63629826128e-07	 3.53955657106e-18
7.74263682681e-07	 3.5960589467e-18
7.8504562002e-07	 3.65388932924e-18
7.95977700231e-07	 3.71308834006e-18
8.07062014115e-07	 3.77369808427e-18
8.18300681587e-07	 3.83576221305e-18
8.29695852083e-07	 3.89932598884e-18
8.41249704974e-07	 3.96443635354e-18
8.52964449974e-07	 4.03114200018e-18
8.64842327573e-07	 4.09949344774e-18
8.76885609459e-07	 4.16954311981e-18
8.89096598953e-07	 4.2413454269e-18
9.01477631452e-07	 4.31495685283e-18
9.14031074876e-07	 4.39043604524e-18
9.26759330115e-07	 4.46784391064e-18
9.39664831495e-07	 4.5472437141e-18
9.52750047243e-07	 4.62870118382e-18
9.66017479952e-07	 4.71228462102e-18
9.7946966707e-07	 4.79806501517e-18
9.93109181375e-07	 4.88611616517e-18
1.00693863148e-06	 4.97651480652e-18
1.02096066231e-06	 5.06934074501e-18
1.03517795563e-06	 5.16467699718e-18
1.04959323056e-06	 5.26260993803e-18
1.06420924406e-06	 5.36322945628e-18
1.07902879152e-06	 5.46662911771e-18
1.09405470721e-06	 5.57290633696e-18
1.1092898649e-06	 5.68216255833e-18
1.12473717836e-06	 5.7945034461e-18
1.14039960197e-06	 5.91003908482e-18
1.15628013121e-06	 6.02888419032e-18
1.17238180329e-06	 6.15115833192e-18
1.18870769771e-06	 6.27698616661e-18
1.20526093687e-06	 6.40649768572e-18
1.22204468663e-06	 6.53982847514e-18
1.23906215695e-06	 6.67711998954e-18
1.25631660247e-06	 6.81851984167e-18
1.27381132319e-06	 6.96418210759e-18
1.29154966501e-06	 7.11426764872e-18
1.30953502048e-06	 7.26894445184e-18
1.32777082936e-06	 7.42838798804e-18
1.3462605793e-06	 7.59278159187e-18
1.36500780655e-06	 7.76231686188e-18
1.38401609657e-06	 7.93719408386e-18
1.40328908479e-06	 8.11762267827e-18
1.42283045721e-06	 8.30382167329e-18
1.44264395122e-06	 8.49602020519e-18
1.4627333562e-06	 8.69445804767e-18
1.48310251434e-06	 8.89938617202e-18
1.5037553213e-06	 9.11106734016e-18
1.52469572702e-06	 9.32977673252e-18
1.54592773642e-06	 9.55580261319e-18
1.56745541021e-06	 9.78944703456e-18
1.58928286562e-06	 1.00310265842e-17
1.61141427725e-06	 1.02808731768e-17
1.63385387781e-06	 1.05393348937e-17
1.65660595895e-06	 1.08067768736e-17
1.67967487209e-06	 1.1083582258e-17
1.70306502925e-06	 1.13701531947e-17
1.72678090388e-06	 1.1666911903e-17
1.75082703174e-06	 1.19743018052e-17
1.77520801172e-06	 1.22927887293e-17
1.79992850678e-06	 1.2622862187e-17
1.82499324482e-06	 1.29650367322e-17
1.85040701954e-06	 1.33198534059e-17
1.87617469144e-06	 1.36878812743e-17
1.90230118867e-06	 1.40697190644e-17
1.92879150802e-06	 1.44659969061e-17
1.95565071587e-06	 1.48773781875e-17
1.98288394913e-06	 1.53045615311e-17
2.01049641626e-06	 1.57482829002e-17
2.03849339825e-06	 1.62093178441e-17
2.06688024963e-06	 1.66884838932e-17
2.09566239948e-06	 1.71866431132e-17
2.1248453525e-06	 1.77047048318e-17
2.15443469003e-06	 1.82436285494e-17
2.18443607115e-06	 1.88044270476e-17
2.21485523373e-06	 1.93881697108e-17
2.24569799554e-06	 1.99959860751e-17
2.27697025538e-06	 2.06290696238e-17
2.30867799419e-06	 2.12886818464e-17
2.34082727618e-06	 2.19761565812e-17
2.37342425002e-06	 2.26929046647e-17
2.40647515002e-06	 2.34404189086e-17
2.43998629726e-06	 2.42202794322e-17
2.47396410089e-06	 2.50341593761e-17
2.50841505928e-06	 2.58838310276e-17
2.5433457613e-06	 2.67711723898e-17
2.57876288759e-06	 2.769817423e-17
2.6146732118e-06	 2.86669476434e-17
2.65108360191e-06	 2.96797321764e-17
2.68800102154e-06	 3.07389045507e-17
2.72543253128e-06	 3.18469880394e-17
2.76338529005e-06	 3.3006662547e-17
2.80186655646e-06	 3.42207754495e-17
2.84088369018e-06	 3.54923532589e-17
2.8804441534e-06	 3.68246141788e-17
2.92055551218e-06	 3.82209816249e-17
2.96122543799e-06	 3.96850987915e-17
3.00246170909e-06	 4.12208443512e-17
3.04427221206e-06	 4.28323493836e-17
3.08666494334e-06	 4.4524015637e-17
3.12964801067e-06	 4.6300535237e-17
3.17322963473e-06	 4.81669119664e-17
3.21741815068e-06	 5.01284842515e-17
3.26222200971e-06	 5.21909500029e-17
3.30764978074e-06	 5.43603934737e-17
3.353710152e-06	 5.66433143108e-17
3.4004119327e-06	 5.90466589947e-17
3.44776405473e-06	 6.15778548787e-17
3.49577557436e-06	 6.42448470603e-17
3.54445567397e-06	 6.70561383402e-17
3.5938136638e-06	 7.0020832547e-17
3.64385898376e-06	 7.31486815352e-17
3.6946012052e-06	 7.6450136191e-17
3.74605003275e-06	 7.99364018174e-17
3.79821530619e-06	 8.36194983019e-17
3.85110700233e-06	 8.75123255138e-17
3.90473523689e-06	 9.16287344217e-17
3.95911026647e-06	 9.59836044697e-17
4.0142424905e-06	 1.00592927807e-16
4.07014245322e-06	 1.05473901025e-16
4.1268208457e-06	 1.10645025122e-16
4.1842885079e-06	 1.16126214494e-16
4.24255643072e-06	 1.21938915824e-16
4.30163575811e-06	 1.28106237841e-16
4.36153778921e-06	 1.34653093018e-16
4.42227398051e-06	 1.41606352393e-16
4.48385594802e-06	 1.48995014817e-16
4.54629546953e-06	 1.56850392075e-16
4.60960448683e-06	 1.65206311486e-16
4.67379510799e-06	 1.74099337748e-16
4.73887960972e-06	 1.83569016e-16
4.80487043966e-06	 1.93658138277e-16
4.87178021879e-06	 2.04413035777e-16
4.93962174388e-06	 2.15883899626e-16
5.00840798985e-06	 2.28125133119e-16
5.07815211233e-06	 2.41195738762e-16
5.14886745014e-06	 2.55159743793e-16
5.22056752785e-06	 2.70086668287e-16
5.29326605836e-06	 2.86052040426e-16
5.36697694554e-06	 3.0313796401e-16
5.44171428687e-06	 3.21433743903e-16
5.51749237613e-06	 3.4103657573e-16
5.59432570617e-06	 3.62052306919e-16
5.67222897164e-06	 3.84596276973e-16
5.75121707184e-06	 4.08794245803e-16
5.83130511353e-06	 4.34783420001e-16
5.91250841383e-06	 4.62713588121e-16
5.99484250319e-06	 4.92748377317e-16
6.0783231283e-06	 5.25066645251e-16
6.16296625513e-06	 5.59864022802e-16
6.24878807201e-06	 5.97354625055e-16
6.33580499266e-06	 6.37772950173e-16
6.42403365939e-06	 6.81375988179e-16
6.51349094627e-06	 7.28445564446e-16
6.60419396233e-06	 7.79290945753e-16
6.69616005485e-06	 8.3425174031e-16
6.7894068127e-06	 8.93701127135e-16
6.88395206965e-06	 9.58049454657e-16
6.97981390783e-06	 1.02774825356e-15
7.07701066118e-06	 1.10329471471e-15
7.17556091894e-06	 1.18523668956e-15
7.2754835292e-06	 1.27417827798e-15
7.37679760253e-06	 1.37078607709e-15
7.47952251562e-06	 1.47579617418e-15
7.583677915e-06	 1.59002197816e-15
7.68928372076e-06	 1.71436299641e-15
7.79636013041e-06	 1.84981467855e-15
7.9049276227e-06	 1.99747946492e-15
8.01500696157e-06	 2.15857919658e-15
8.12661920009e-06	 2.33446906511e-15
8.23978568453e-06	 2.52665330519e-15
8.35452805838e-06	 2.73680286124e-15
8.47086826656e-06	 2.96677529175e-15
8.58882855955e-06	 3.21863721223e-15
8.70843149769e-06	 3.49468962024e-15
8.82969995549e-06	 3.7974964953e-15
8.952657126e-06	 4.12991712269e-15
9.07732652521e-06	 4.49514265524e-15
9.20373199662e-06	 4.8967375021e-15
9.33189771573e-06	 5.33868621967e-15
9.46184819472e-06	 5.82544667959e-15
9.59360828709e-06	 6.36201040353e-15
9.72720319245e-06	 6.95397108758e-15
9.86265846131e-06	 7.60760249271e-15
1e-05	 8.3299470557e-15
1.01392540756e-05	 9.12891678126e-15
1.02804473209e-05	 1.00134082152e-14
1.04236067398e-05	 1.09934335761e-14
1.05687597118e-05	 1.20802704449e-14
1.07159339982e-05	 1.32866327879e-14
1.08651577465e-05	 1.46268665233e-14
1.10164594963e-05	 1.61171733506e-14
1.11698681847e-05	 1.77758671541e-14
1.13254131515e-05	 1.96236679823e-14
1.14831241454e-05	 2.16840394122e-14
1.16430313292e-05	 2.39835760513e-14
1.18051652857e-05	 2.65524490302e-14
1.19695570236e-05	 2.9424918636e-14
1.21362379834e-05	 3.26399247437e-14
1.23052400436e-05	 3.6241767484e-14
1.24765955263e-05	 4.02808926686e-14
1.2650337204e-05	 4.48147989432e-14
1.28264983053e-05	 4.99090865223e-14
1.30051125217e-05	 5.56386707516e-14
1.31862140139e-05	 6.20891877434e-14
1.33698374182e-05	 6.9358624046e-14
1.35560178533e-05	 7.7559207877e-14
1.37447909268e-05	 8.68196060331e-14
1.39361927422e-05	 9.72874783734e-14
1.4130259906e-05	 1.09132450989e-13
1.43270295341e-05	 1.22549580106e-13
1.45265392595e-05	 1.37763391711e-13
1.47288272391e-05	 1.55032597314e-13
1.49339321612e-05	 1.74655604525e-13
1.5141893253e-05	 1.96976962902e-13
1.53527502878e-05	 2.2239491148e-13
1.55665435927e-05	 2.51370225261e-13
1.57833140565e-05	 2.84436594866e-13
1.60031031374e-05	 3.22212817608e-13
1.62259528708e-05	 3.65417130934e-13
1.64519058775e-05	 4.14884082264e-13
1.6681005372e-05	 4.71584404834e-13
1.69132951703e-05	 5.36648459783e-13
1.71488196987e-05	 6.11393913569e-13
1.73876240022e-05	 6.97358450596e-13
1.76297537529e-05	 7.96338478289e-13
1.7875255259e-05	 9.10434971386e-13
1.81241754737e-05	 1.0421078307e-12
1.83765620039e-05	 1.19424040731e-12
1.86324631193e-05	 1.37021617632e-12
1.88919277621e-05	 1.5740099471e-12
1.91550055557e-05	 1.81029648467e-12
1.94217468149e-05	 2.0845800079e-12
1.96922025548e-05	 2.40334874726e-12
1.99664245011e-05	 2.77425961553e-12
2.02444650998e-05	 3.19196469979e-12
2.05263775271e-05	 3.67453809877e-12
2.08122156999e-05	 4.23498200385e-12
2.11020342857e-05	 4.88660063684e-12
2.13958887134e-05	 5.64509011573e-12
2.16938351839e-05	 6.52898875319e-12
2.19959306803e-05	 7.56021576665e-12
2.23022329797e-05	 8.76471644188e-12
2.26128006634e-05	 1.01732356075e-11
2.29276931287e-05	 1.18222459279e-11
2.32469705999e-05	 1.37550631925e-11
2.357069414e-05	 1.60231877065e-11
2.38989256623e-05	 1.86879193509e-11
2.42317279424e-05	 2.18223042383e-11
2.45691646298e-05	 2.55134835742e-11
2.49113002607e-05	 2.98655308844e-11
2.52582002696e-05	 3.50028828558e-11
2.56099310026e-05	 4.10744924798e-11
2.59665597293e-05	 4.8258862021e-11
2.63281546565e-05	 5.67701488209e-11
2.66947849403e-05	 6.68655806768e-11
2.70665207003e-05	 7.88544714731e-11
2.74434330323e-05	 9.3109194339e-11
2.78255940221e-05	 1.10078551912e-10
2.82130767594e-05	 1.30304085118e-10
2.86059553518e-05	 1.54439987977e-10
2.90043049386e-05	 1.83277452278e-10
2.94082017059e-05	 2.17774459946e-10
2.98177229002e-05	 2.59092281863e-10
3.02329468441e-05	 3.08640241519e-10
3.06539529506e-05	 3.6813067471e-10
3.10808217387e-05	 4.39646481048e-10
3.15136348487e-05	 5.25724242313e-10
3.19524750576e-05	 6.29456605825e-10
3.23974262953e-05	 7.54618534487e-10
3.28485736603e-05	 9.0582315526e-10
3.33060034362e-05	 1.08871435249e-09
3.37698031083e-05	 1.31020502541e-09
3.42400613797e-05	 1.57877215281e-09
3.47168681893e-05	 1.90482259973e-09
3.5200314728e-05	 2.30114710983e-09
3.56904934568e-05	 2.78348434022e-09
3.61874981241e-05	 3.37122235266e-09
3.6691423784e-05	 4.08827197744e-09
3.72023668141e-05	 4.96415529973e-09
3.77204249342e-05	 6.03536366998e-09
3.82456972247e-05	 7.34705373254e-09
3.87782841459e-05	 8.95516779044e-09
3.93182875571e-05	 1.09290873876e-08
3.98658107358e-05	 1.3354957578e-08
4.0420958398e-05	 1.63398556017e-08
4.09838367176e-05	 2.00170237021e-08
4.15545533472e-05	 2.45524442558e-08
4.21332174385e-05	 3.01531096939e-08
4.27199396631e-05	 3.70774342189e-08
4.33148322338e-05	 4.56483746979e-08
4.3918008926e-05	 5.62699815065e-08
4.45295850994e-05	 6.94482957271e-08
4.51496777204e-05	 8.5817758786e-08
4.57784053838e-05	 1.06174619515e-07
4.64158883361e-05	 1.31519231232e-07
4.70622484984e-05	 1.63109652792e-07
4.77176094894e-05	 2.02529634886e-07
4.83820966493e-05	 2.51774927552e-07
4.90558370637e-05	 3.13362940321e-07
4.97389595879e-05	 3.90472191241e-07
5.04315948717e-05	 4.86435760531e-07
5.11338753841e-05	 6.06150007762e-07
5.18459354389e-05	 7.56169826051e-07
5.25679112202e-05	 9.44362064793e-07
5.32999408084e-05	 1.18068166245e-06
5.40421642071e-05	 1.47773686796e-06
5.4794723369e-05	 1.85151009922e-06
5.5557762224e-05	 2.32227792581e-06
5.6331426706e-05	 2.91578596255e-06
5.71158647813e-05	 3.66475027227e-06
5.79112264764e-05	 4.61077721031e-06
5.87176639073e-05	 5.80681980104e-06
5.95353313081e-05	 7.32032239566e-06
6.03643850608e-05	 9.23724868281e-06
6.12049837248e-05	 1.1667243894e-05
6.20572880678e-05	 1.47502538549e-05
6.29214610961e-05	 1.86650160079e-05
6.37976680861e-05	 2.36399566217e-05
6.46860766155e-05	 2.99671817949e-05
6.55868565957e-05	 3.80204474165e-05
6.65001803043e-05	 4.82782476868e-05
6.74262224178e-05	 6.13534894808e-05
6.83651600451e-05	 7.80316417778e-05
6.93171727616e-05	 9.93197926048e-05
7.02824426431e-05	 0.00012650974516
7.12611543011e-05	 0.000161259184533
7.22534949179e-05	 0.000205696103823
7.32596542822e-05	 0.000262553166733
7.42798248256e-05	 0.000335340596449
7.53142016597e-05	 0.00042856863781
7.63629826128e-05	 0.000548033794314
7.74263682681e-05	 0.000701187088792
7.8504562002e-05	 0.000897607785433
7.95977700231e-05	 0.00114961265778
8.07062014115e-05	 0.00147303939461
8.18300681587e-05	 0.00188825361338
8.29695852083e-05	 0.00242144284447
8.41249704974e-05	 0.00310627857538
8.52964449974e-05	 0.0039860500297
8.64842327573e-05	 0.00511640209571
8.76885609459e-05	 0.00656884633658
8.89096598953e-05	 0.00843526033909
9.01477631452e-05	 0.0108336493258
9.14031074876e-05	 0.013915518118
9.26759330115e-05	 0.0178752951001
9.39664831495e-05	 0.0229623676284
9.52750047243e-05	 0.0294964362813
9.66017479952e-05	 0.0378870807302
9.7946966707e-05	 0.0486586616882
9.93109181375e-05	 0.062481972091
0.000100693863148	 0.0803438191297
0.000102096066231	 0.10344936479
0.000103517795563	 0.133154375729
0.000104959323056	 0.171320790074
0.000106420924406	 0.220326018102
0.000107902879152	 0.283201785773
0.000109405470721	 0.363808940093
0.00011092898649	 0.467057017606
0.000112473717836	 0.599179353305
0.000114039960197	 0.768076866418
0.000115628013121	 0.983746455536
0.000117238180329	 1.25881322223
0.000118870769771	 1.60918957053
0.000120526093687	 2.05488864169
0.000122204468663	 2.62102456817
0.000123906215695	 3.33903767106
0.000125631660247	 4.2481889518
0.000127381132319	 5.39737496024
0.000129154966501	 6.84732120926
0.000130953502048	 8.67321951223
0.000132777082936	 10.967881591
0.00013462605793	 13.845487539
0.000136500780655	 17.4460125557
0.000138401609657	 21.9404179054
0.000140328908479	 27.5366911817
0.000142283045721	 34.4868152731
0.000144264395122	 43.0947332606
0.00014627333562	 53.7253558582
0.000148310251434	 66.8146267008
0.00015037553213	 82.8806163448
0.000152469572702	 102.535555707
0.000154592773642	 126.498641307
0.000156745541021	 155.609345809
0.000158928286562	 190.840846307
0.000161141427725	 233.313038753
0.000163385387781	 284.304440523
0.000165660595895	 345.262097008
0.000167967487209	 417.808407384
0.000170306502925	 503.743577734
0.000172678090388	 605.042208639
0.000175082703174	 723.842345548
0.000177520801172	 862.425184629
0.000179992850678	 1023.1835598
0.000182499324482	 1208.57736748
0.000185040701954	 1421.07424613
0.000187617469144	 1663.0741512
0.000190230118867	 1936.81698237
0.000192879150802	 2244.27315555
0.000195565071587	 2587.01798044
0.000198288394913	 2966.09190647
0.000201049641626	 3382.37884826
0.000203849339825	 3835.89557579
0.000206688024963	 4324.35229681
0.000209566239948	 4845.09601987
0.00021248453525	 5394.18947746
0.000215443469003	 5966.31418346
0.000218443607115	 6554.71640925
0.000221485523373	 7151.20792152
0.000224569799554	 7746.23234178
0.000227697025538	 8329.00595205
0.000230867799419	 8887.73860533
0.000234082727618	 9409.93611808
0.000237342425002	 9882.78025438
0.000240647515002	 10293.5764166
0.000243998629726	 10630.2528277
0.000247396410089	 10881.8888363
0.000250841505928	 11039.2445986
0.00025433457613	 11095.2604284
0.000257876288759	 11045.4921704
0.00026146732118	 10888.4495416
0.000265108360191	 10625.8078335
0.000268800102154	 10262.4697188
0.000272543253128	 9806.4629388
0.000276338529005	 9268.67076822
0.000280186655646	 8662.40451722
0.000284088369018	 8002.83980024
0.00028804441534	 7306.349664
0.000292055551218	 6589.77668505
0.000296122543799	 5869.69177182
0.000300246170909	 5161.68889854
0.000304427221206	 4479.76205548
0.000308666494334	 3835.80352187
0.000312964801067	 3239.25185434
0.000317322963473	 2696.90486365
0.000321741815068	 2212.89874454
0.000326222200971	 1788.84095447
0.000330764978074	 1424.07283509
0.0003353710152	 1116.02947941
0.00034004119327	 860.659679466
0.000344776405473	 652.86814498
0.000349577557436	 486.945257374
0.000354445567397	 356.955677654
0.00035938136638	 257.065130008
0.000364385898376	 181.793482915
0.00036946012052	 126.1907442
0.000374605003275	 85.9398731691
0.000379821530619	 57.3957853643
0.000385110700233	 37.5733133618
0.000390473523689	 24.0982363252
0.000395911026647	 15.1350989693
0.00040142424905	 9.30386286826
0.000407014245322	 5.59498461754
0.00041268208457	 3.28978300351
0.00041842885079	 1.89033665365
0.000424255643072	 1.06091576551
0.000430163575811	 0.581238298791
0.000436153778921	 0.310682069302
0.000442227398051	 0.161926951574
0.000448385594802	 0.0822452060558
0.000454629546953	 0.04068489118
0.000460960448683	 0.0195895496839
0.000467379510799	 0.00917523099254
0.000473887960972	 0.00417770892187
0.000480487043966	 0.00184803441862
0.000487178021879	 0.000793687187318
0.000493962174388	 0.000330725279845
0.000500840798985	 0.000133668972742
0.000507815211233	 5.24919243014e-05
0.000514886745014	 1.99630804117e-05
0.000522056752785	 7.34729355252e-06
0.000529326605836	 2.6150362744e-06
0.000536697694554	 8.99411149854e-07
0.000544171428687	 2.98705134042e-07
0.000551749237613	 9.571906091e-08
0.000559432570617	 2.9572404672e-08
0.000567222897164	 8.80160863528e-09
0.000575121707184	 2.5215807094e-09
0.000583130511353	 6.94801362998e-10
0.000591250841383	 1.83975597394e-10
0.000599484250319	 4.67734580159e-11
0.00060783231283	 1.14077333281e-11
0.000616296625513	 2.66669699946e-12
0.000624878807201	 5.96937655303e-13
0.000633580499266	 1.27839321906e-13
0.000642403365939	 2.6168076975e-14
0.000651349094627	 5.1148756702e-15
0.000660419396233	 9.53741251509e-16
0.000669616005485	 1.69483199934e-16
0.00067894068127	 2.86736972882e-17
0.000688395206965	 4.61374792112e-18
0.000697981390783	 7.05311567151e-19
0.000707701066118	 1.02329420303e-19
0.000717556091894	 1.40747003897e-20
0.00072754835292	 1.8332215445e-21
0.000737679760253	 2.25858787653e-22
0.000747952251562	 2.62908911748e-23
0.0007583677915	 2.88808984617e-24
0.000768928372076	 2.99043650621e-25
0.000779636013041	 2.9150689685e-26
0.00079049276227	 2.67187170181e-27
0.000801500696157	 2.2997845788e-28
0.000812661920009	 1.85654605685e-29
0.000823978568453	 1.40379375762e-30
0.000835452805838	 9.92890806877e-32
0.000847086826656	 6.56011252562e-33
0.000858882855955	 4.04327196241e-34
0.000870843149769	 2.32143103564e-35
0.000882969995549	 1.23981803193e-36
0.0008952657126	 6.15044126193e-38
0.000907732652521	 2.82980218644e-39
0.000920373199662	 1.20573244045e-40
0.000933189771573	 4.75031650105e-42
0.000946184819472	 1.72778786637e-43
0.000959360828709	 5.79244302628e-45
0.000972720319245	 1.78702759289e-46
0.000986265846131	 5.06501551514e-48
0.001	 1.31667701435e-49
0.00101392540756	 3.13388024693e-51
0.00102804473209	 6.81761541271e-53
0.00104236067398	 1.35318816939e-54
0.00105687597118	 2.44610007663e-56
0.00107159339982	 4.01958487084e-58
0.00108651577465	 5.99329130303e-60
0.00110164594963	 8.09279260918e-62
0.00111698681847	 9.87727286144e-64
0.00113254131515	 1.08748423667e-65
0.00114831241454	 1.077909897e-67
0.00116430313292	 9.59900409908e-70
0.00118051652857	 7.66388331714e-72
0.00119695570236	 5.47430729455e-74
0.00121362379834	 3.49083396045e-76
0.00123052400436	 1.98287059309e-78
0.00124765955263	 1.001043926e-80
0.0012650337204	 4.48142993537e-83
0.00128264983053	 1.7749182063e-85
0.00130051125217	 6.20460295358e-88
0.00131862140139	 1.90976987303e-90
0.00133698374182	 5.16319411047e-93
0.00135560178533	 1.22305619908e-95
0.00137447909268	 2.53201322349e-98
0.00139361927422	 4.5693952352e-101
0.0014130259906	 7.16946099495e-104
0.00143270295341	 9.75418604012e-107
0.00145265392595	 1.14760803775e-109
0.00147288272391	 1.1643797045e-112
0.00149339321612	 1.01595274863e-115
0.0015141893253	 7.60130344392e-119
0.00153527502878	 4.86266430309e-122
0.00155665435927	 2.65183147207e-125
0.00157833140565	 1.22911952809e-128
0.00160031031374	 4.82710846094e-132
0.00162259528708	 1.60128834873e-135
0.00164519058775	 4.47262645558e-139
0.0016681005372	 1.04848737377e-142
0.00169132951703	 2.05609703129e-146
0.00171488196987	 3.36163991298e-150
0.00173876240022	 4.56675728566e-154
0.00176297537529	 5.13700484692e-158
0.0017875255259	 4.76790103412e-162
0.00181241754737	 3.63833696868e-166
0.00183765620039	 2.27432812554e-170
0.00186324631193	 1.16028944228e-174
0.00188919277621	 4.81285776926e-179
0.00191550055557	 1.61694452877e-183
0.00194217468149	 4.38273860411e-188
0.00196922025548	 9.54614100945e-193
0.00199664245011	 1.6641231327e-197
0.00202444650998	 2.31223223129e-202
0.00205263775271	 2.55004530667e-207
0.00208122156999	 2.22272318937e-212
0.00211020342857	 1.52462303211e-217
0.00213958887134	 8.19341994285e-223
0.00216938351839	 3.43436572892e-228
0.00219959306803	 1.11770133524e-233
0.00223022329797	 2.81117588203e-239
0.00226128006634	 5.43855652158e-245
0.00229276931287	 8.05429767777e-251
0.00232469705999	 9.08655391846e-257
0.002357069414	 7.77035429229e-263
0.00238989256623	 5.01138735279e-269
0.00242317279424	 2.4250370636e-275
0.00245691646298	 8.75893693723e-282
0.00249113002607	 2.34880728493e-288
0.00252582002696	 4.65111470414e-295
0.00256099310026	 6.76380077481e-302
0.00259665597293	 7.18320240986e-309
0.00263281546565	 5.539814956e-316
0.00266947849403	 0.0
0.00270665207003	 0.0
0.00274434330323	 0.0
0.00278255940221	 0.0
0.00282130767594	 0.0
0.00286059553518	 0.0
0.00290043049386	 0.0
0.00294082017059	 0.0
0.00298177229002	 0.0
0.00302329468441	 0.0
0.00306539529506	 0.0
0.00310808217387	 0.0
0.00315136348487	 0.0
0.00319524750576	 0.0
0.00323974262953	 0.0
0.00328485736603	 0.0
0.00333060034362	 0.0
0.00337698031083	 0.0
0.00342400613797	 0.0
0.00347168681893	 0.0
0.0035200314728	 0.0
0.00356904934568	 0.0
0.00361874981241	 0.0
0.0036691423784	 0.0
0.00372023668141	 0.0
0.00377204249342	 0.0
0.00382456972247	 0.0
0.00387782841459	 0.0
0.00393182875571	 0.0
0.00398658107358	 0.0
0.0040420958398	 0.0
0.00409838367176	 0.0
0.00415545533472	 0.0
0.00421332174385	 0.0
0.00427199396631	 0.0
0.00433148322338	 0.0
0.0043918008926	 0.0
0.00445295850994	 0.0
0.00451496777204	 0.0
0.00457784053838	 0.0
0.00464158883361	 0.0
0.00470622484984	 0.0
0.00477176094894	 0.0
0.00483820966493	 0.0
0.00490558370637	 0.0
0.00497389595879	 0.0
0.00504315948717	 0.0
0.00511338753841	 0.0
0.00518459354389	 0.0
0.00525679112202	 0.0
0.00532999408084	 0.0
0.00540421642071	 0.0
0.0054794723369	 0.0
0.0055557762224	 0.0
0.0056331426706	 0.0
0.00571158647813	 0.0
0.00579112264764	 0.0
0.00587176639073	 0.0
0.00595353313081	 0.0
0.00603643850608	 0.0
0.00612049837248	 0.0
0.00620572880678	 0.0
0.00629214610961	 0.0
0.00637976680861	 0.0
0.00646860766155	 0.0
0.00655868565957	 0.0
0.00665001803043	 0.0
0.00674262224178	 0.0
0.00683651600451	 0.0
0.00693171727616	 0.0
0.00702824426431	 0.0
0.00712611543011	 0.0
0.00722534949179	 0.0
0.00732596542822	 0.0
0.00742798248256	 0.0
0.00753142016597	 0.0
0.00763629826128	 0.0
0.00774263682681	 0.0
0.0078504562002	 0.0
0.00795977700231	 0.0
0.00807062014115	 0.0
0.00818300681587	 0.0
0.00829695852083	 0.0
0.00841249704974	 0.0
0.00852964449974	 0.0
0.00864842327573	 0.0
0.00876885609459	 0.0
0.00889096598953	 0.0
0.00901477631452	 0.0
0.00914031074876	 0.0
0.00926759330115	 0.0
0.00939664831495	 0.0
0.00952750047243	 0.0
0.00966017479952	 0.0
0.0097946966707	 0.0
0.00993109181375	 0.0
0.0100693863148	 0.0
0.0102096066231	 0.0
0.0103517795563	 0.0
0.0104959323056	 0.0
0.0106420924406	 0.0
0.0107902879152	 0.0
0.0109405470721	 0.0
0.011092898649	 0.0
0.0112473717836	 0.0
0.0114039960197	 0.0
0.0115628013121	 0.0
0.0117238180329	 0.0
0.0118870769771	 0.0
0.0120526093687	 0.0
0.0122204468663	 0.0
0.0123906215695	 0.0
0.0125631660247	 0.0
0.0127381132319	 0.0
0.0129154966501	 0.0
0.0130953502048	 0.0
0.0132777082936	 0.0
0.013462605793	 0.0
0.0136500780655	 0.0
0.0138401609657	 0.0
0.0140328908479	 0.0
0.0142283045721	 0.0
0.0144264395122	 0.0
0.014627333562	 0.0
0.0148310251434	 0.0
0.015037553213	 0.0
0.0152469572702	 0.0
0.0154592773642	 0.0
0.0156745541021	 0.0
0.0158928286562	 0.0
0.0161141427725	 0.0
0.0163385387781	 0.0
0.0165660595895	 0.0
0.0167967487209	 0.0
0.0170306502925	 0.0
0.0172678090388	 0.0
0.0175082703174	 0.0
0.0177520801172	 0.0
0.0179992850678	 0.0
0.0182499324482	 0.0
0.0185040701954	 0.0
0.0187617469144	 0.0
0.0190230118867	 0.0
0.0192879150802	 0.0
0.0195565071587	 0.0
0.0198288394913	 0.0
0.0201049641626	 0.0
0.0203849339825	 0.0
0.0206688024963	 0.0
0.0209566239948	 0.0
0.021248453525	 0.0
0.0215443469003	 0.0
0.0218443607115	 0.0
0.0221485523373	 0.0
0.0224569799554	 0.0
0.0227697025538	 0.0
0.0230867799419	 0.0
0.0234082727618	 0.0
0.0237342425002	 0.0
0.0240647515002	 0.0
0.0243998629726	 0.0
0.0247396410089	 0.0
0.0250841505928	 0.0
0.025433457613	 0.0
0.0257876288759	 0.0
0.026146732118	 0.0
0.0265108360191	 0.0
0.0268800102154	 0.0
0.0272543253128	 0.0
0.0276338529005	 0.0
0.0280186655646	 0.0
0.0284088369018	 0.0
0.028804441534	 0.0
0.0292055551218	 0.0
0.0296122543799	 0.0
0.0300246170909	 0.0
0.0304427221206	 0.0
0.0308666494334	 0.0
0.0312964801067	 0.0
0.0317322963473	 0.0
0.0321741815068	 0.0
0.0326222200971	 0.0
0.0330764978074	 0.0
0.03353710152	 0.0
0.034004119327	 0.0
0.0344776405473	 0.0
0.0349577557436	 0.0
0.0354445567397	 0.0
0.035938136638	 0.0
0.0364385898376	 0.0
0.036946012052	 0.0
0.0374605003275	 0.0
0.0379821530619	 0.0
0.0385110700233	 0.0
0.0390473523689	 0.0
0.0395911026647	 0.0
0.040142424905	 0.0
0.0407014245322	 0.0
0.041268208457	 0.0
0.041842885079	 0.0
0.0424255643072	 0.0
0.0430163575811	 0.0
0.0436153778921	 0.0
0.0442227398051	 0.0
0.0448385594802	 0.0
0.0454629546953	 0.0
0.0460960448683	 0.0
0.0467379510799	 0.0
0.0473887960972	 0.0
0.0480487043966	 0.0
0.0487178021879	 0.0
0.0493962174388	 0.0
0.0500840798985	 0.0
0.0507815211233	 0.0
0.0514886745014	 0.0
0.0522056752785	 0.0
0.0529326605836	 0.0
0.0536697694554	 0.0
0.0544171428687	 0.0
0.0551749237613	 0.0
0.0559432570617	 0.0
0.0567222897164	 0.0
0.0575121707184	 0.0
0.0583130511353	 0.0
0.0591250841383	 0.0
0.0599484250319	 0.0
0.060783231283	 0.0
0.0616296625513	 0.0
0.0624878807201	 0.0
0.0633580499266	 0.0
0.0642403365939	 0.0
0.0651349094627	 0.0
0.0660419396233	 0.0
0.0669616005485	 0.0
0.067894068127	 0.0
0.0688395206965	 0.0
0.0697981390783	 0.0
0.0707701066118	 0.0
0.0717556091894	 0.0
0.072754835292	 0.0
0.0737679760253	 0.0
0.0747952251562	 0.0
0.07583677915	 0.0
0.0768928372076	 0.0
0.0779636013041	 0.0
0.079049276227	 0.0
0.0801500696157	 0.0
0.0812661920009	 0.0
0.0823978568453	 0.0
0.0835452805838	 0.0
0.0847086826656	 0.0
0.0858882855955	 0.0
0.0870843149769	 0.0
0.0882969995549	 0.0
0.08952657126	 0.0
0.0907732652521	 0.0
0.0920373199662	 0.0
0.0933189771573	 0.0
0.0946184819472	 0.0
0.0959360828709	 0.0
0.0972720319245	 0.0
0.0986265846131	 0.0
0.1	 0.0
