## Posterior distribution for f, given N = 30.0 radio-detected PBHs. PBH Mass: 100M_sun
#M_sunPrior: jeffreys
## Columns: f, P(f|N)
1e-07	 4.40010932357e-10
1.01392540756e-07	 4.43672984601e-10
1.02804473209e-07	 4.47371693723e-10
1.04236067398e-07	 4.51107555952e-10
1.05687597118e-07	 4.54881076646e-10
1.07159339982e-07	 4.58692770501e-10
1.08651577465e-07	 4.62543161762e-10
1.10164594963e-07	 4.6643278444e-10
1.11698681847e-07	 4.70362182539e-10
1.13254131515e-07	 4.74331910283e-10
1.14831241454e-07	 4.78342532352e-10
1.16430313292e-07	 4.82394624123e-10
1.18051652857e-07	 4.8648877192e-10
1.19695570236e-07	 4.90625573267e-10
1.21362379834e-07	 4.94805637151e-10
1.23052400436e-07	 4.99029584287e-10
1.24765955263e-07	 5.03298047397e-10
1.2650337204e-07	 5.07611671493e-10
1.28264983053e-07	 5.11971114163e-10
1.30051125217e-07	 5.16377045875e-10
1.31862140139e-07	 5.2083015028e-10
1.33698374182e-07	 5.25331124526e-10
1.35560178533e-07	 5.29880679584e-10
1.37447909268e-07	 5.34479540578e-10
1.39361927422e-07	 5.39128447126e-10
1.4130259906e-07	 5.43828153689e-10
1.43270295341e-07	 5.48579429937e-10
1.45265392595e-07	 5.53383061109e-10
1.47288272391e-07	 5.58239848403e-10
1.49339321612e-07	 5.6315060936e-10
1.5141893253e-07	 5.68116178269e-10
1.53527502878e-07	 5.73137406577e-10
1.55665435927e-07	 5.78215163315e-10
1.57833140565e-07	 5.83350335534e-10
1.60031031374e-07	 5.88543828755e-10
1.62259528708e-07	 5.93796567425e-10
1.64519058775e-07	 5.99109495397e-10
1.6681005372e-07	 6.04483576414e-10
1.69132951703e-07	 6.09919794613e-10
1.71488196987e-07	 6.15419155037e-10
1.73876240022e-07	 6.2098268417e-10
1.76297537529e-07	 6.26611430481e-10
1.7875255259e-07	 6.32306464987e-10
1.81241754737e-07	 6.38068881827e-10
1.83765620039e-07	 6.43899798863e-10
1.86324631193e-07	 6.49800358287e-10
1.88919277621e-07	 6.55771727253e-10
1.91550055557e-07	 6.61815098526e-10
1.94217468149e-07	 6.6793169115e-10
1.96922025548e-07	 6.74122751132e-10
1.99664245011e-07	 6.80389552156e-10
2.02444650998e-07	 6.86733396306e-10
2.05263775271e-07	 6.93155614818e-10
2.08122156999e-07	 6.99657568857e-10
2.11020342857e-07	 7.06240650306e-10
2.13958887134e-07	 7.12906282594e-10
2.16938351839e-07	 7.19655921537e-10
2.19959306803e-07	 7.26491056207e-10
2.23022329797e-07	 7.33413209835e-10
2.26128006634e-07	 7.4042394073e-10
2.29276931287e-07	 7.47524843236e-10
2.32469705999e-07	 7.54717548713e-10
2.357069414e-07	 7.6200372655e-10
2.38989256623e-07	 7.69385085207e-10
2.42317279424e-07	 7.76863373297e-10
2.45691646298e-07	 7.84440380691e-10
2.49113002607e-07	 7.92117939664e-10
2.52582002696e-07	 7.9989792608e-10
2.56099310026e-07	 8.07782260606e-10
2.59665597293e-07	 8.1577290997e-10
2.63281546565e-07	 8.23871888259e-10
2.66947849403e-07	 8.32081258256e-10
2.70665207003e-07	 8.40403132821e-10
2.74434330323e-07	 8.48839676318e-10
2.78255940221e-07	 8.57393106084e-10
2.82130767594e-07	 8.66065693949e-10
2.86059553518e-07	 8.74859767806e-10
2.90043049386e-07	 8.83777713227e-10
2.94082017059e-07	 8.92821975137e-10
2.98177229002e-07	 9.01995059542e-10
3.02329468441e-07	 9.11299535314e-10
3.06539529506e-07	 9.20738036029e-10
3.10808217387e-07	 9.30313261879e-10
3.15136348487e-07	 9.40027981634e-10
3.19524750576e-07	 9.49885034677e-10
3.23974262953e-07	 9.59887333108e-10
3.28485736603e-07	 9.70037863915e-10
3.33060034362e-07	 9.80339691221e-10
3.37698031083e-07	 9.90795958606e-10
3.42400613797e-07	 1.00140989151e-09
3.47168681893e-07	 1.01218479971e-09
3.5200314728e-07	 1.02312407991e-09
3.56904934568e-07	 1.03423121838e-09
3.61874981241e-07	 1.04550979369e-09
3.6691423784e-07	 1.05696347959e-09
3.72023668141e-07	 1.06859604796e-09
3.77204249342e-07	 1.08041137181e-09
3.82456972247e-07	 1.09241342848e-09
3.87782841459e-07	 1.10460630287e-09
3.93182875571e-07	 1.11699419087e-09
3.98658107358e-07	 1.12958140281e-09
4.0420958398e-07	 1.14237236712e-09
4.09838367176e-07	 1.1553716341e-09
4.15545533472e-07	 1.16858387975e-09
4.21332174385e-07	 1.18201390988e-09
4.27199396631e-07	 1.19566666425e-09
4.33148322338e-07	 1.20954722089e-09
4.3918008926e-07	 1.22366080064e-09
4.45295850994e-07	 1.23801277174e-09
4.51496777204e-07	 1.25260865471e-09
4.57784053838e-07	 1.26745412735e-09
4.64158883361e-07	 1.28255502988e-09
4.70622484984e-07	 1.29791737041e-09
4.77176094894e-07	 1.31354733044e-09
4.83820966493e-07	 1.32945127075e-09
4.90558370637e-07	 1.34563573732e-09
4.97389595879e-07	 1.36210746765e-09
5.04315948717e-07	 1.37887339722e-09
5.11338753841e-07	 1.39594066618e-09
5.18459354389e-07	 1.41331662643e-09
5.25679112202e-07	 1.43100884879e-09
5.32999408084e-07	 1.44902513059e-09
5.40421642071e-07	 1.46737350349e-09
5.4794723369e-07	 1.4860622416e-09
5.5557762224e-07	 1.50509987e-09
5.6331426706e-07	 1.52449517345e-09
5.71158647813e-07	 1.54425720561e-09
5.79112264764e-07	 1.56439529846e-09
5.87176639073e-07	 1.58491907226e-09
5.95353313081e-07	 1.60583844579e-09
6.03643850608e-07	 1.62716364703e-09
6.12049837248e-07	 1.6489052243e-09
6.20572880678e-07	 1.67107405785e-09
6.29214610961e-07	 1.69368137186e-09
6.37976680861e-07	 1.71673874704e-09
6.46860766155e-07	 1.74025813364e-09
6.55868565957e-07	 1.76425186503e-09
6.65001803043e-07	 1.78873267191e-09
6.74262224178e-07	 1.81371369702e-09
6.83651600451e-07	 1.83920851052e-09
6.93171727616e-07	 1.86523112595e-09
7.02824426431e-07	 1.891796017e-09
7.12611543011e-07	 1.91891813482e-09
7.22534949179e-07	 1.94661292619e-09
7.32596542822e-07	 1.97489635242e-09
7.42798248256e-07	 2.00378490904e-09
7.53142016597e-07	 2.03329564643e-09
7.63629826128e-07	 2.06344619119e-09
7.74263682681e-07	 2.09425476861e-09
7.8504562002e-07	 2.125740226e-09
7.95977700231e-07	 2.15792205708e-09
8.07062014115e-07	 2.19082042747e-09
8.18300681587e-07	 2.22445620129e-09
8.29695852083e-07	 2.25885096891e-09
8.41249704974e-07	 2.29402707603e-09
8.52964449974e-07	 2.33000765394e-09
8.64842327573e-07	 2.36681665128e-09
8.76885609459e-07	 2.40447886712e-09
8.89096598953e-07	 2.44301998562e-09
9.01477631452e-07	 2.48246661224e-09
9.14031074876e-07	 2.52284631166e-09
9.26759330115e-07	 2.56418764736e-09
9.39664831495e-07	 2.60652022311e-09
9.52750047243e-07	 2.6498747264e-09
9.66017479952e-07	 2.69428297383e-09
9.7946966707e-07	 2.73977795868e-09
9.93109181375e-07	 2.78639390075e-09
1.00693863148e-06	 2.83416629851e-09
1.02096066231e-06	 2.88313198376e-09
1.03517795563e-06	 2.93332917891e-09
1.04959323056e-06	 2.98479755701e-09
1.06420924406e-06	 3.03757830469e-09
1.07902879152e-06	 3.09171418813e-09
1.09405470721e-06	 3.1472496223e-09
1.1092898649e-06	 3.20423074352e-09
1.12473717836e-06	 3.26270548566e-09
1.14039960197e-06	 3.32272366006e-09
1.15628013121e-06	 3.38433703948e-09
1.17238180329e-06	 3.44759944618e-09
1.18870769771e-06	 3.51256684447e-09
1.20526093687e-06	 3.5792974379e-09
1.22204468663e-06	 3.64785177136e-09
1.23906215695e-06	 3.71829283846e-09
1.25631660247e-06	 3.7906861943e-09
1.27381132319e-06	 3.86510007407e-09
1.29154966501e-06	 3.94160551786e-09
1.30953502048e-06	 4.02027650179e-09
1.32777082936e-06	 4.10119007616e-09
1.3462605793e-06	 4.18442651066e-09
1.36500780655e-06	 4.27006944741e-09
1.38401609657e-06	 4.35820606196e-09
1.40328908479e-06	 4.44892723289e-09
1.42283045721e-06	 4.54232772055e-09
1.44264395122e-06	 4.63850635531e-09
1.4627333562e-06	 4.737566236e-09
1.48310251434e-06	 4.83961493916e-09
1.5037553213e-06	 4.94476473962e-09
1.52469572702e-06	 5.05313284325e-09
1.54592773642e-06	 5.16484163244e-09
1.56745541021e-06	 5.28001892529e-09
1.58928286562e-06	 5.39879824906e-09
1.61141427725e-06	 5.52131912903e-09
1.63385387781e-06	 5.64772739357e-09
1.65660595895e-06	 5.77817549635e-09
1.67967487209e-06	 5.91282285696e-09
1.70306502925e-06	 6.05183622088e-09
1.72678090388e-06	 6.19539004009e-09
1.75082703174e-06	 6.34366687568e-09
1.77520801172e-06	 6.49685782367e-09
1.79992850678e-06	 6.65516296572e-09
1.82499324482e-06	 6.81879184615e-09
1.85040701954e-06	 6.98796397705e-09
1.87617469144e-06	 7.16290937323e-09
1.90230118867e-06	 7.34386911896e-09
1.92879150802e-06	 7.53109596857e-09
1.95565071587e-06	 7.7248549831e-09
1.98288394913e-06	 7.92542420537e-09
2.01049641626e-06	 8.13309537601e-09
2.03849339825e-06	 8.34817469315e-09
2.06688024963e-06	 8.57098361871e-09
2.09566239948e-06	 8.80185973427e-09
2.1248453525e-06	 9.0411576501e-09
2.15443469003e-06	 9.28924997069e-09
2.18443607115e-06	 9.54652832072e-09
2.21485523373e-06	 9.8134044357e-09
2.24569799554e-06	 1.00903113214e-08
2.27697025538e-06	 1.03777044874e-08
2.30867799419e-06	 1.06760632588e-08
2.34082727618e-06	 1.09858921731e-08
2.37342425002e-06	 1.13077224669e-08
2.40647515002e-06	 1.16421136587e-08
2.43998629726e-06	 1.19896552362e-08
2.47396410089e-06	 1.23509684536e-08
2.50841505928e-06	 1.27267082472e-08
2.5433457613e-06	 1.31175652795e-08
2.57876288759e-06	 1.3524268118e-08
2.6146732118e-06	 1.39475855615e-08
2.65108360191e-06	 1.43883291226e-08
2.68800102154e-06	 1.48473556788e-08
2.72543253128e-06	 1.53255703044e-08
2.76338529005e-06	 1.58239292963e-08
2.80186655646e-06	 1.63434434086e-08
2.84088369018e-06	 1.68851813112e-08
2.8804441534e-06	 1.74502732896e-08
2.92055551218e-06	 1.8039915204e-08
2.96122543799e-06	 1.86553727268e-08
3.00246170909e-06	 1.92979858808e-08
3.04427221206e-06	 1.99691739007e-08
3.08666494334e-06	 2.06704404423e-08
3.12964801067e-06	 2.14033791674e-08
3.17322963473e-06	 2.21696797329e-08
3.21741815068e-06	 2.29711342159e-08
3.26222200971e-06	 2.38096440095e-08
3.30764978074e-06	 2.46872272265e-08
3.353710152e-06	 2.56060266509e-08
3.4004119327e-06	 2.65683182817e-08
3.44776405473e-06	 2.75765205165e-08
3.49577557436e-06	 2.86332040263e-08
3.54445567397e-06	 2.97411023785e-08
3.5938136638e-06	 3.0903123468e-08
3.64385898376e-06	 3.21223618241e-08
3.6946012052e-06	 3.34021118655e-08
3.74605003275e-06	 3.47458821808e-08
3.79821530619e-06	 3.61574109216e-08
3.85110700233e-06	 3.76406824017e-08
3.90473523689e-06	 3.91999450024e-08
3.95911026647e-06	 4.08397304975e-08
4.0142424905e-06	 4.25648749167e-08
4.07014245322e-06	 4.4380541081e-08
4.1268208457e-06	 4.62922429537e-08
4.1842885079e-06	 4.83058719645e-08
4.24255643072e-06	 5.04277254791e-08
4.30163575811e-06	 5.26645376018e-08
4.36153778921e-06	 5.50235125179e-08
4.42227398051e-06	 5.75123605998e-08
4.48385594802e-06	 6.01393375236e-08
4.54629546953e-06	 6.29132866667e-08
4.60960448683e-06	 6.58436850812e-08
4.67379510799e-06	 6.89406933664e-08
4.73887960972e-06	 7.22152097981e-08
4.80487043966e-06	 7.56789291013e-08
4.87178021879e-06	 7.93444062972e-08
4.93962174388e-06	 8.3225126091e-08
5.00840798985e-06	 8.73355783204e-08
5.07815211233e-06	 9.16913400276e-08
5.14886745014e-06	 9.63091647834e-08
5.22056752785e-06	 1.01207079945e-07
5.29326605836e-06	 1.06404492606e-07
5.36697694554e-06	 1.11922305069e-07
5.44171428687e-06	 1.17783040761e-07
5.51749237613e-06	 1.24010981589e-07
5.59432570617e-06	 1.30632317872e-07
5.67222897164e-06	 1.37675312058e-07
5.75121707184e-06	 1.45170477589e-07
5.83130511353e-06	 1.53150774424e-07
5.91250841383e-06	 1.61651822859e-07
5.99484250319e-06	 1.70712137485e-07
6.0783231283e-06	 1.80373383305e-07
6.16296625513e-06	 1.90680656264e-07
6.24878807201e-06	 2.01682790648e-07
6.33580499266e-06	 2.13432696128e-07
6.42403365939e-06	 2.25987727486e-07
6.51349094627e-06	 2.39410090391e-07
6.60419396233e-06	 2.53767287003e-07
6.69616005485e-06	 2.69132605533e-07
6.7894068127e-06	 2.85585658413e-07
6.88395206965e-06	 3.03212974196e-07
6.97981390783e-06	 3.22108648907e-07
7.07701066118e-06	 3.42375063192e-07
7.17556091894e-06	 3.64123672352e-07
7.2754835292e-06	 3.87475877131e-07
7.37679760253e-06	 4.12563984036e-07
7.47952251562e-06	 4.3953226498e-07
7.583677915e-06	 4.68538127166e-07
7.68928372076e-06	 4.99753405387e-07
7.79636013041e-06	 5.33365790357e-07
7.9049276227e-06	 5.69580408275e-07
8.01500696157e-06	 6.08621568605e-07
8.12661920009e-06	 6.507346991e-07
8.23978568453e-06	 6.96188489324e-07
8.35452805838e-06	 7.45277266511e-07
8.47086826656e-06	 7.98323630444e-07
8.58882855955e-06	 8.55681377282e-07
8.70843149769e-06	 9.17738745897e-07
8.82969995549e-06	 9.84922024387e-07
8.952657126e-06	 1.05769955908e-06
9.07732652521e-06	 1.13658621353e-06
9.20373199662e-06	 1.22214833101e-06
9.33189771573e-06	 1.31500926051e-06
9.46184819472e-06	 1.41585551396e-06
9.59360828709e-06	 1.52544363091e-06
9.72720319245e-06	 1.64460783647e-06
9.86265846131e-06	 1.77426858924e-06
1e-05	 1.91544212868e-06
1.01392540756e-05	 2.06925114495e-06
1.02804473209e-05	 2.23693671062e-06
1.04236067398e-05	 2.41987163158e-06
1.05687597118e-05	 2.61957539507e-06
1.07159339982e-05	 2.83773091622e-06
1.08651577465e-05	 3.07620331112e-06
1.10164594963e-05	 3.33706095451e-06
1.11698681847e-05	 3.62259911497e-06
1.13254131515e-05	 3.93536649944e-06
1.14831241454e-05	 4.27819508399e-06
1.16430313292e-05	 4.65423365847e-06
1.18051652857e-05	 5.06698557134e-06
1.19695570236e-05	 5.520351227e-06
1.21362379834e-05	 6.01867596456e-06
1.23052400436e-05	 6.56680403332e-06
1.24765955263e-05	 7.17013948004e-06
1.2650337204e-05	 7.83471487667e-06
1.28264983053e-05	 8.56726894744e-06
1.30051125217e-05	 9.37533430368e-06
1.31862140139e-05	 1.02673366657e-05
1.33698374182e-05	 1.12527071478e-05
1.35560178533e-05	 1.23420094065e-05
1.37447909268e-05	 1.3547083714e-05
1.39361927422e-05	 1.4881210312e-05
1.4130259906e-05	 1.63592947468e-05
1.43270295341e-05	 1.7998078278e-05
1.45265392595e-05	 1.98163769069e-05
1.47288272391e-05	 2.18353530921e-05
1.49339321612e-05	 2.40788248203e-05
1.5141893253e-05	 2.65736173953e-05
1.53527502878e-05	 2.93499641066e-05
1.55665435927e-05	 3.24419628619e-05
1.57833140565e-05	 3.58880969356e-05
1.60031031374e-05	 3.97318292172e-05
1.62259528708e-05	 4.40222807683e-05
1.64519058775e-05	 4.88150061445e-05
1.6681005372e-05	 5.41728798504e-05
1.69132951703e-05	 6.01671105009e-05
1.71488196987e-05	 6.68784018289e-05
1.73876240022e-05	 7.43982826441e-05
1.76297537529e-05	 8.28306312958e-05
1.7875255259e-05	 9.22934241889e-05
1.81241754737e-05	 0.000102920742547
1.83765620039e-05	 0.000114865077006
1.86324631193e-05	 0.000128299975901
1.88919277621e-05	 0.000143423090392
1.91550055557e-05	 0.000160459678058
1.94217468149e-05	 0.000179666636489
1.96922025548e-05	 0.000201337149871
1.99664245011e-05	 0.000225806045012
2.02444650998e-05	 0.000252537726247
2.05263775271e-05	 0.000282508996163
2.08122156999e-05	 0.000316278869942
2.11020342857e-05	 0.000354356083894
2.13958887134e-05	 0.000397320797952
2.16938351839e-05	 0.000445835039801
2.19959306803e-05	 0.000500654731017
2.23022329797e-05	 0.00056264354224
2.26128006634e-05	 0.000632788864016
2.29276931287e-05	 0.000712220225981
2.32469705999e-05	 0.000802230550717
2.357069414e-05	 0.000904300691066
2.38989256623e-05	 0.00102012777243
2.42317279424e-05	 0.00115165794639
2.45691646298e-05	 0.00130112426085
2.49113002607e-05	 0.00147109046703
2.52582002696e-05	 0.00166450171818
2.56099310026e-05	 0.00188474327153
2.59665597293e-05	 0.00213570848816
2.63281546565e-05	 0.00242187763871
2.66947849403e-05	 0.00274840927247
2.70665207003e-05	 0.0031212461982
2.74434330323e-05	 0.00354723846507
2.78255940221e-05	 0.00403428612929
2.82130767594e-05	 0.00459150505548
2.86059553518e-05	 0.00522941954416
2.90043049386e-05	 0.00596018620957
2.94082017059e-05	 0.00679785427229
2.98177229002e-05	 0.0077586682955
3.02329468441e-05	 0.00886142040455
3.06539529506e-05	 0.0101278602103
3.10808217387e-05	 0.011583172037
3.15136348487e-05	 0.0132565306683
3.19524750576e-05	 0.0151817487096
3.23974262953e-05	 0.0173980308675
3.28485736603e-05	 0.0199508530196
3.33060034362e-05	 0.0228929869525
3.37698031083e-05	 0.0262856951571
3.42400613797e-05	 0.0302001241657
3.47168681893e-05	 0.0347189297021
3.5200314728e-05	 0.0399381724944
3.56904934568e-05	 0.0459695301154
3.61874981241e-05	 0.0529428778056
3.6691423784e-05	 0.061009300089
3.72023668141e-05	 0.0703446052983
3.77204249342e-05	 0.0811534271421
3.82456972247e-05	 0.0936740114122
3.87782841459e-05	 0.108183802193
3.93182875571e-05	 0.125005960817
3.98658107358e-05	 0.144516972763
4.0420958398e-05	 0.167155523143
4.09838367176e-05	 0.19343285096
4.15545533472e-05	 0.223944826508
4.21332174385e-05	 0.259386035862
4.27199396631e-05	 0.300566202167
4.33148322338e-05	 0.348429326211
4.3918008926e-05	 0.404075989716
4.45295850994e-05	 0.468789334852
4.51496777204e-05	 0.544065314137
4.57784053838e-05	 0.631647897405
4.64158883361e-05	 0.733570028562
4.70622484984e-05	 0.852201246147
4.77176094894e-05	 0.990303020117
4.83820966493e-05	 1.15109301493
4.90558370637e-05	 1.33831966813
4.97389595879e-05	 1.55634867652
5.04315948717e-05	 1.80850467244
5.11338753841e-05	 2.1006409516
5.18459354389e-05	 2.44033888913
5.25679112202e-05	 2.83533376616
5.32999408084e-05	 3.2946045408
5.40421642071e-05	 3.82856886127
5.4794723369e-05	 4.44930731824
5.5557762224e-05	 5.17082099037
5.6331426706e-05	 6.00932682119
5.71158647813e-05	 6.98359588956
5.79112264764e-05	 8.11534019724
5.87176639073e-05	 9.42965419476
5.95353313081e-05	 10.9555178932
6.03643850608e-05	 12.7263690599
6.12049837248e-05	 14.7807526583
6.20572880678e-05	 17.1630563518
6.29214610961e-05	 19.9243415313
6.37976680861e-05	 23.1232799211
6.46860766155e-05	 26.8272063384
6.55868565957e-05	 31.1132985875
6.65001803043e-05	 36.0698957232
6.74262224178e-05	 41.797965952
6.83651600451e-05	 48.4127352012
6.93171727616e-05	 56.0454867896
7.02824426431e-05	 64.8455415958
7.12611543011e-05	 74.9824265356
7.22534949179e-05	 86.6482369173
7.32596542822e-05	 100.060195215
7.42798248256e-05	 115.463404839
7.53142016597e-05	 133.133792457
7.63629826128e-05	 153.381226143
7.74263682681e-05	 176.552788978
7.8504562002e-05	 203.036178505
7.95977700231e-05	 233.263191524
8.07062014115e-05	 267.713240958
8.18300681587e-05	 306.916836818
8.29695852083e-05	 351.458946644
8.41249704974e-05	 401.982132094
8.52964449974e-05	 459.189337803
8.64842327573e-05	 523.846186383
8.76885609459e-05	 596.782609717
8.89096598953e-05	 678.893622183
9.01477631452e-05	 771.139016549
9.14031074876e-05	 874.54173905
9.26759330115e-05	 990.184677565
9.39664831495e-05	 1119.20557726
9.52750047243e-05	 1262.78978311
9.66017479952e-05	 1422.16050013
9.7946966707e-05	 1598.56626235
9.93109181375e-05	 1793.2653123
0.000100693863148	 2009.00408915
0.000102096066231	 2247.43579962
0.000103517795563	 2508.40772504
0.000104959323056	 2793.03454067
0.000106420924406	 3102.30126269
0.000107902879152	 3437.02278102
0.000109405470721	 3797.79967449
0.00011092898649	 4184.97081826
0.000112473717836	 4598.56351476
0.000114039960197	 5038.2421218
0.000115628013121	 5503.25641003
0.000117238180329	 5992.39114674
0.000118870769771	 6503.91866479
0.000120526093687	 7035.55641909
0.000122204468663	 7584.43174403
0.000123906215695	 8147.05618446
0.000125631660247	 8719.31186181
0.000127381132319	 9296.45233481
0.000129154966501	 9873.12030264
0.000130953502048	 10443.3842587
0.000132777082936	 11000.7958224
0.00013462605793	 11538.4689449
0.000136500780655	 12049.1815034
0.000138401609657	 12525.4989705
0.000140328908479	 12959.9188924
0.000142283045721	 13345.0338602
0.000144264395122	 13673.7095502
0.00014627333562	 13939.2732976
0.000148310251434	 14135.707616
0.00015037553213	 14257.8421452
0.000152469572702	 14301.5367873
0.000154592773642	 14263.848336
0.000156745541021	 14143.1727902
0.000158928286562	 13939.3558238
0.000161141427725	 13653.7645909
0.000163385387781	 13289.3151933
0.000165660595895	 12850.4517078
0.000167967487209	 12343.0746143
0.000170306502925	 11774.4187004
0.000172678090388	 11152.8829334
0.000175082703174	 10487.8172512
0.000177520801172	 9789.2735673
0.000179992850678	 9067.73036792
0.000182499324482	 8333.80192341
0.000185040701954	 7597.94422935
0.000187617469144	 6870.17021295
0.000190230118867	 6159.78643827
0.000192879150802	 5475.16250639
0.000195565071587	 4823.54262354
0.000198288394913	 4210.90650258
0.000201049641626	 3641.2820215
0.000203849339825	 3117.71990802
0.000206688024963	 2643.19796695
0.000209566239948	 2218.32764108
0.00021248453525	 1842.5384051
0.000215443469003	 1514.22897033
0.000218443607115	 1230.94251322
0.000221485523373	 989.555220315
0.000224569799554	 786.467667678
0.000227697025538	 617.789451612
0.000230867799419	 479.508938288
0.000234082727618	 367.641844765
0.000237342425002	 278.354421867
0.000240647515002	 208.05909884
0.000243998629726	 153.482403844
0.000247396410089	 111.706657551
0.000250841505928	 80.1882541191
0.00025433457613	 56.7562450141
0.000257876288759	 39.595421326
0.00026146732118	 27.2181831119
0.000265108360191	 18.42925324
0.000268800102154	 12.2868199022
0.000272543253128	 8.0630649809
0.000276338529005	 5.20633981159
0.000280186655646	 3.30655894224
0.000284088369018	 2.06475276909
0.00028804441534	 1.26718884807
0.000292055551218	 0.764058088107
0.000296122543799	 0.452428699611
0.000300246170909	 0.262988225588
0.000304427221206	 0.150004787882
0.000308666494334	 0.0839215345247
0.000312964801067	 0.0460314338608
0.000317322963473	 0.0247433286342
0.000321741815068	 0.0130283790286
0.000326222200971	 0.00671666514273
0.000330764978074	 0.00338880599402
0.0003353710152	 0.0016724926919
0.00034004119327	 0.00080704394173
0.000344776405473	 0.000380568218243
0.000349577557436	 0.000175288388906
0.000354445567397	 7.88202642266e-05
0.00035938136638	 3.45828957413e-05
0.000364385898376	 1.47976901837e-05
0.00036946012052	 6.17165523253e-06
0.000374605003275	 2.507530228e-06
0.000379821530619	 9.91938280074e-07
0.000385110700233	 3.81829674527e-07
0.000390473523689	 1.42938499018e-07
0.000395911026647	 5.20075636471e-08
0.00040142424905	 1.83806128585e-08
0.000407014245322	 6.30613407278e-09
0.00041268208457	 2.09896269077e-09
0.00041842885079	 6.77342082315e-10
0.000424255643072	 2.11783237679e-10
0.000430163575811	 6.41162952615e-11
0.000436153778921	 1.87821959087e-11
0.000442227398051	 5.32019800653e-12
0.000448385594802	 1.45616157992e-12
0.000454629546953	 3.84842412113e-13
0.000460960448683	 9.81371431134e-14
0.000467379510799	 2.41290788823e-14
0.000473887960972	 5.71582259161e-15
0.000480487043966	 1.30351251949e-15
0.000487178021879	 2.85964305911e-16
0.000493962174388	 6.03009380167e-17
0.000500840798985	 1.2220359995e-17
0.000507815211233	 2.38816674338e-18
0.000514886745014	 4.47622204438e-19
0.000522056752785	 8.04003850478e-20
0.000529326605836	 1.38270865291e-20
0.000536697694554	 2.27483021138e-21
0.000544171428687	 3.57705681064e-22
0.000551749237613	 5.37114628462e-23
0.000559432570617	 7.69433347891e-24
0.000567222897164	 1.05058021131e-24
0.000575121707184	 1.36592077716e-25
0.000583130511353	 1.68941463513e-26
0.000591250841383	 1.98577544831e-27
0.000599484250319	 2.21599138788e-28
0.00060783231283	 2.34532493196e-29
0.000616296625513	 2.35168908416e-30
0.000624878807201	 2.2316980062e-31
0.000633580499266	 2.00215618576e-32
0.000642403365939	 1.69624026884e-33
0.000651349094627	 1.35554808202e-34
0.000660419396233	 1.02066472187e-35
0.000669616005485	 7.2324502275e-37
0.00067894068127	 4.81733058757e-38
0.000688395206965	 3.0124603476e-39
0.000697981390783	 1.76642813838e-40
0.000707701066118	 9.70033344479e-42
0.000717556091894	 4.98241620088e-43
0.00072754835292	 2.3905218393e-44
0.000737679760253	 1.06996970297e-45
0.000747952251562	 4.46162190806e-47
0.0007583677915	 1.73086281168e-48
0.000768928372076	 6.23844927869e-50
0.000779636013041	 2.08602518114e-51
0.00079049276227	 6.4619738742e-53
0.000801500696157	 1.85172440844e-54
0.000812661920009	 4.9012229849e-56
0.000823978568453	 1.19643607085e-57
0.000835452805838	 2.68942693702e-59
0.000847086826656	 5.55816752783e-61
0.000858882855955	 1.05440991629e-62
0.000870843149769	 1.83309660994e-64
0.000882969995549	 2.91567303448e-66
0.0008952657126	 4.23581274078e-68
0.000907732652521	 5.61090753553e-70
0.000920373199662	 6.76501450729e-72
0.000933189771573	 7.4109024745e-74
0.000946184819472	 7.36298847575e-76
0.000959360828709	 6.62243814201e-78
0.000972720319245	 5.38206011703e-80
0.000986265846131	 3.94473498854e-82
0.001	 2.60245407934e-84
0.00101392540756	 1.54236380176e-86
0.00102804473209	 8.19514481388e-89
0.00104236067398	 3.89587311306e-91
0.00105687597118	 1.65359114537e-93
0.00107159339982	 6.25327706869e-96
0.00108651577465	 2.10236643174e-98
0.00110164594963	 6.2701665613e-101
0.00111698681847	 1.6552050794e-103
0.00113254131515	 3.85870799238e-106
0.00114831241454	 7.92588137033e-109
0.00116430313292	 1.43103263103e-111
0.00118051652857	 2.26574425509e-114
0.00119695570236	 3.13817161158e-117
0.00121362379834	 3.79292029332e-120
0.00123052400436	 3.99034220221e-123
0.00124765955263	 3.64481280024e-126
0.0012650337204	 2.88296263254e-129
0.00128264983053	 1.96948189286e-132
0.00130051125217	 1.15889686781e-135
0.00131862140139	 5.85770948202e-139
0.00133698374182	 2.53624381698e-142
0.00135560178533	 9.38001043094e-146
0.00137447909268	 2.95469448184e-149
0.00139361927422	 7.90396482276e-153
0.0014130259906	 1.79021363529e-156
0.00143270295341	 3.42274195267e-160
0.00145265392595	 5.50696374925e-164
0.00147288272391	 7.43284927977e-168
0.00149339321612	 8.38911891198e-172
0.0015141893253	 7.89195039605e-176
0.00153527502878	 6.16771320789e-180
0.00155665435927	 3.99094806872e-184
0.00157833140565	 2.13086191583e-188
0.00160031031374	 9.35517005618e-193
0.00162259528708	 3.36534191711e-197
0.00164519058775	 9.88383636236e-202
0.0016681005372	 2.36130319085e-206
0.00169132951703	 4.57184700456e-211
0.00171488196987	 7.14663550486e-216
0.00173876240022	 8.98482921007e-221
0.00176297537529	 9.04932120329e-226
0.0017875255259	 7.2726204977e-231
0.00181241754737	 4.64489500822e-236
0.00183765620039	 2.34791465347e-241
0.00186324631193	 9.35386474824e-247
0.00188919277621	 2.92450427106e-252
0.00191550055557	 7.14470680964e-258
0.00194217468149	 1.35791996275e-263
0.00196922025548	 1.99882926081e-269
0.00199664245011	 2.26835035612e-275
0.00202444650998	 1.97544559892e-281
0.00205263775271	 1.31399590916e-287
0.00208122156999	 6.64378828161e-294
0.00211020342857	 2.54105458095e-300
0.00213958887134	 7.31537244801e-307
0.00216938351839	 1.57722890399e-313
0.00219959306803	 0.0
0.00223022329797	 0.0
0.00226128006634	 0.0
0.00229276931287	 0.0
0.00232469705999	 0.0
0.002357069414	 0.0
0.00238989256623	 0.0
0.00242317279424	 0.0
0.00245691646298	 0.0
0.00249113002607	 0.0
0.00252582002696	 0.0
0.00256099310026	 0.0
0.00259665597293	 0.0
0.00263281546565	 0.0
0.00266947849403	 0.0
0.00270665207003	 0.0
0.00274434330323	 0.0
0.00278255940221	 0.0
0.00282130767594	 0.0
0.00286059553518	 0.0
0.00290043049386	 0.0
0.00294082017059	 0.0
0.00298177229002	 0.0
0.00302329468441	 0.0
0.00306539529506	 0.0
0.00310808217387	 0.0
0.00315136348487	 0.0
0.00319524750576	 0.0
0.00323974262953	 0.0
0.00328485736603	 0.0
0.00333060034362	 0.0
0.00337698031083	 0.0
0.00342400613797	 0.0
0.00347168681893	 0.0
0.0035200314728	 0.0
0.00356904934568	 0.0
0.00361874981241	 0.0
0.0036691423784	 0.0
0.00372023668141	 0.0
0.00377204249342	 0.0
0.00382456972247	 0.0
0.00387782841459	 0.0
0.00393182875571	 0.0
0.00398658107358	 0.0
0.0040420958398	 0.0
0.00409838367176	 0.0
0.00415545533472	 0.0
0.00421332174385	 0.0
0.00427199396631	 0.0
0.00433148322338	 0.0
0.0043918008926	 0.0
0.00445295850994	 0.0
0.00451496777204	 0.0
0.00457784053838	 0.0
0.00464158883361	 0.0
0.00470622484984	 0.0
0.00477176094894	 0.0
0.00483820966493	 0.0
0.00490558370637	 0.0
0.00497389595879	 0.0
0.00504315948717	 0.0
0.00511338753841	 0.0
0.00518459354389	 0.0
0.00525679112202	 0.0
0.00532999408084	 0.0
0.00540421642071	 0.0
0.0054794723369	 0.0
0.0055557762224	 0.0
0.0056331426706	 0.0
0.00571158647813	 0.0
0.00579112264764	 0.0
0.00587176639073	 0.0
0.00595353313081	 0.0
0.00603643850608	 0.0
0.00612049837248	 0.0
0.00620572880678	 0.0
0.00629214610961	 0.0
0.00637976680861	 0.0
0.00646860766155	 0.0
0.00655868565957	 0.0
0.00665001803043	 0.0
0.00674262224178	 0.0
0.00683651600451	 0.0
0.00693171727616	 0.0
0.00702824426431	 0.0
0.00712611543011	 0.0
0.00722534949179	 0.0
0.00732596542822	 0.0
0.00742798248256	 0.0
0.00753142016597	 0.0
0.00763629826128	 0.0
0.00774263682681	 0.0
0.0078504562002	 0.0
0.00795977700231	 0.0
0.00807062014115	 0.0
0.00818300681587	 0.0
0.00829695852083	 0.0
0.00841249704974	 0.0
0.00852964449974	 0.0
0.00864842327573	 0.0
0.00876885609459	 0.0
0.00889096598953	 0.0
0.00901477631452	 0.0
0.00914031074876	 0.0
0.00926759330115	 0.0
0.00939664831495	 0.0
0.00952750047243	 0.0
0.00966017479952	 0.0
0.0097946966707	 0.0
0.00993109181375	 0.0
0.0100693863148	 0.0
0.0102096066231	 0.0
0.0103517795563	 0.0
0.0104959323056	 0.0
0.0106420924406	 0.0
0.0107902879152	 0.0
0.0109405470721	 0.0
0.011092898649	 0.0
0.0112473717836	 0.0
0.0114039960197	 0.0
0.0115628013121	 0.0
0.0117238180329	 0.0
0.0118870769771	 0.0
0.0120526093687	 0.0
0.0122204468663	 0.0
0.0123906215695	 0.0
0.0125631660247	 0.0
0.0127381132319	 0.0
0.0129154966501	 0.0
0.0130953502048	 0.0
0.0132777082936	 0.0
0.013462605793	 0.0
0.0136500780655	 0.0
0.0138401609657	 0.0
0.0140328908479	 0.0
0.0142283045721	 0.0
0.0144264395122	 0.0
0.014627333562	 0.0
0.0148310251434	 0.0
0.015037553213	 0.0
0.0152469572702	 0.0
0.0154592773642	 0.0
0.0156745541021	 0.0
0.0158928286562	 0.0
0.0161141427725	 0.0
0.0163385387781	 0.0
0.0165660595895	 0.0
0.0167967487209	 0.0
0.0170306502925	 0.0
0.0172678090388	 0.0
0.0175082703174	 0.0
0.0177520801172	 0.0
0.0179992850678	 0.0
0.0182499324482	 0.0
0.0185040701954	 0.0
0.0187617469144	 0.0
0.0190230118867	 0.0
0.0192879150802	 0.0
0.0195565071587	 0.0
0.0198288394913	 0.0
0.0201049641626	 0.0
0.0203849339825	 0.0
0.0206688024963	 0.0
0.0209566239948	 0.0
0.021248453525	 0.0
0.0215443469003	 0.0
0.0218443607115	 0.0
0.0221485523373	 0.0
0.0224569799554	 0.0
0.0227697025538	 0.0
0.0230867799419	 0.0
0.0234082727618	 0.0
0.0237342425002	 0.0
0.0240647515002	 0.0
0.0243998629726	 0.0
0.0247396410089	 0.0
0.0250841505928	 0.0
0.025433457613	 0.0
0.0257876288759	 0.0
0.026146732118	 0.0
0.0265108360191	 0.0
0.0268800102154	 0.0
0.0272543253128	 0.0
0.0276338529005	 0.0
0.0280186655646	 0.0
0.0284088369018	 0.0
0.028804441534	 0.0
0.0292055551218	 0.0
0.0296122543799	 0.0
0.0300246170909	 0.0
0.0304427221206	 0.0
0.0308666494334	 0.0
0.0312964801067	 0.0
0.0317322963473	 0.0
0.0321741815068	 0.0
0.0326222200971	 0.0
0.0330764978074	 0.0
0.03353710152	 0.0
0.034004119327	 0.0
0.0344776405473	 0.0
0.0349577557436	 0.0
0.0354445567397	 0.0
0.035938136638	 0.0
0.0364385898376	 0.0
0.036946012052	 0.0
0.0374605003275	 0.0
0.0379821530619	 0.0
0.0385110700233	 0.0
0.0390473523689	 0.0
0.0395911026647	 0.0
0.040142424905	 0.0
0.0407014245322	 0.0
0.041268208457	 0.0
0.041842885079	 0.0
0.0424255643072	 0.0
0.0430163575811	 0.0
0.0436153778921	 0.0
0.0442227398051	 0.0
0.0448385594802	 0.0
0.0454629546953	 0.0
0.0460960448683	 0.0
0.0467379510799	 0.0
0.0473887960972	 0.0
0.0480487043966	 0.0
0.0487178021879	 0.0
0.0493962174388	 0.0
0.0500840798985	 0.0
0.0507815211233	 0.0
0.0514886745014	 0.0
0.0522056752785	 0.0
0.0529326605836	 0.0
0.0536697694554	 0.0
0.0544171428687	 0.0
0.0551749237613	 0.0
0.0559432570617	 0.0
0.0567222897164	 0.0
0.0575121707184	 0.0
0.0583130511353	 0.0
0.0591250841383	 0.0
0.0599484250319	 0.0
0.060783231283	 0.0
0.0616296625513	 0.0
0.0624878807201	 0.0
0.0633580499266	 0.0
0.0642403365939	 0.0
0.0651349094627	 0.0
0.0660419396233	 0.0
0.0669616005485	 0.0
0.067894068127	 0.0
0.0688395206965	 0.0
0.0697981390783	 0.0
0.0707701066118	 0.0
0.0717556091894	 0.0
0.072754835292	 0.0
0.0737679760253	 0.0
0.0747952251562	 0.0
0.07583677915	 0.0
0.0768928372076	 0.0
0.0779636013041	 0.0
0.079049276227	 0.0
0.0801500696157	 0.0
0.0812661920009	 0.0
0.0823978568453	 0.0
0.0835452805838	 0.0
0.0847086826656	 0.0
0.0858882855955	 0.0
0.0870843149769	 0.0
0.0882969995549	 0.0
0.08952657126	 0.0
0.0907732652521	 0.0
0.0920373199662	 0.0
0.0933189771573	 0.0
0.0946184819472	 0.0
0.0959360828709	 0.0
0.0972720319245	 0.0
0.0986265846131	 0.0
0.1	 0.0
