# Posterior distribution for f, given N = 24000 merger events in ET. PBH Mass: 10.0 M_sunPrior: log-flat
# Columns: f, P(f|N)
9.999999999999999547e-07 0.000000000000000000e+00
1.071891319205128528e-06 0.000000000000000000e+00
1.148951000187308475e-06 0.000000000000000000e+00
1.231550603292826123e-06 0.000000000000000000e+00
1.320088400831416760e-06 0.000000000000000000e+00
1.414991297434575852e-06 0.000000000000000000e+00
1.516716888470924146e-06 0.000000000000000000e+00
1.625755666443793459e-06 0.000000000000000000e+00
1.742633386009650705e-06 0.000000000000000000e+00
1.867913599020780929e-06 0.000000000000000000e+00
2.002200371815584564e-06 0.000000000000000000e+00
2.146141197858405979e-06 0.000000000000000000e+00
2.300430119772916844e-06 0.000000000000000000e+00
2.465811075822603893e-06 0.000000000000000000e+00
2.643081486974102836e-06 0.000000000000000000e+00
2.833096101839324281e-06 0.000000000000000000e+00
3.036771118035460538e-06 0.000000000000000000e+00
3.255088599835056550e-06 0.000000000000000000e+00
3.489101213406773843e-06 0.000000000000000000e+00
3.739937302478793814e-06 0.000000000000000000e+00
4.008806328898464506e-06 0.000000000000000000e+00
4.297004704320844031e-06 0.000000000000000000e+00
4.605922041145103558e-06 0.000000000000000000e+00
4.937047852839003774e-06 0.000000000000000000e+00
5.291978735958436362e-06 0.000000000000000000e+00
5.672426068491977286e-06 0.000000000000000000e+00
6.080224261649427418e-06 0.000000000000000000e+00
6.517339604882419798e-06 0.000000000000000000e+00
6.985879746785248997e-06 0.000000000000000000e+00
7.488103857590030710e-06 0.000000000000000000e+00
8.026433522257174640e-06 0.000000000000000000e+00
8.603464416684508890e-06 0.000000000000000000e+00
9.221978823334321272e-06 0.000000000000000000e+00
9.884959046625586455e-06 0.000000000000000000e+00
1.059560179277614854e-05 0.000000000000000000e+00
1.135733358343105172e-05 0.000000000000000000e+00
1.217382727739661976e-05 0.000000000000000000e+00
1.304901978014401602e-05 0.000000000000000000e+00
1.398713102647238687e-05 0.000000000000000000e+00
1.499268432786047117e-05 0.000000000000000000e+00
1.607052818261638468e-05 0.000000000000000000e+00
1.722585965398787565e-05 0.000000000000000000e+00
1.846424942895542385e-05 0.000000000000000000e+00
1.979166867853557454e-05 0.000000000000000000e+00
2.121451784910627868e-05 0.000000000000000000e+00
2.273965752357927516e-05 0.000000000000000000e+00
2.437444150122221616e-05 0.000000000000000000e+00
2.612675225563326344e-05 0.000000000000000000e+00
2.800503894183631128e-05 0.000000000000000000e+00
3.001835813575592089e-05 0.000000000000000000e+00
3.217641750250735676e-05 0.000000000000000000e+00
3.448962260405759859e-05 0.000000000000000000e+00
3.696912707195024335e-05 0.000000000000000000e+00
3.962688638701478144e-05 0.000000000000000000e+00
4.247571552536893796e-05 0.000000000000000000e+00
4.552935074866947907e-05 0.000000000000000000e+00
4.880251583654433487e-05 0.000000000000000000e+00
5.231099308056257952e-05 0.000000000000000000e+00
5.607169938205458130e-05 0.000000000000000000e+00
6.010276782070387642e-05 0.000000000000000000e+00
6.442363508721369713e-05 0.000000000000000000e+00
6.905513520162330260e-05 0.000000000000000000e+00
7.401959996915637120e-05 0.000000000000000000e+00
7.934096665797492082e-05 0.000000000000000000e+00
8.504489341802668747e-05 0.000000000000000000e+00
9.115888299750818402e-05 0.000000000000000000e+00
9.771241535346501675e-05 0.000000000000000000e+00
1.047370897959449686e-04 0.000000000000000000e+00
1.122667773510813578e-04 0.000000000000000000e+00
1.203377840777589337e-04 0.000000000000000000e+00
1.289890261253308021e-04 0.000000000000000000e+00
1.382622173764654864e-04 0.000000000000000000e+00
1.482020705798858503e-04 0.000000000000000000e+00
1.588565129428052810e-04 0.000000000000000000e+00
1.702769172225899476e-04 0.000000000000000000e+00
1.825183494319042592e-04 0.000000000000000000e+00
1.956398343517062703e-04 0.000000000000000000e+00
2.097046401323232709e-04 0.000000000000000000e+00
2.247805833548725178e-04 0.000000000000000000e+00
2.409403560239524325e-04 0.000000000000000000e+00
2.582618760682674902e-04 0.000000000000000000e+00
2.768286630392063972e-04 0.000000000000000000e+00
2.967302408188869536e-04 0.000000000000000000e+00
3.180625692794118915e-04 0.000000000000000000e+00
3.409285069746810937e-04 0.000000000000000000e+00
3.654383070957254701e-04 0.000000000000000000e+00
3.917101490809256391e-04 0.000000000000000000e+00
4.198707084443910179e-04 0.000000000000000000e+00
4.500557675700497698e-04 0.000000000000000000e+00
4.824108704165368721e-04 0.000000000000000000e+00
5.170920242896755517e-04 0.000000000000000000e+00
5.542664520663101490e-04 0.000000000000000000e+00
5.941133984965033281e-04 0.000000000000000000e+00
6.368249944718586218e-04 0.000000000000000000e+00
6.826071834272385728e-04 0.000000000000000000e+00
7.316807143427192690e-04 0.000000000000000000e+00
7.842822061337682274e-04 0.000000000000000000e+00
8.406652885618325121e-04 0.000000000000000000e+00
9.011018251665018231e-04 0.000000000000000000e+00
9.658832241158698054e-04 0.000000000000000000e+00
1.035321843295661671e-03 0.000000000000000000e+00
1.109752496412072130e-03 0.000000000000000000e+00
1.189534067370319513e-03 0.000000000000000000e+00
1.275051240713012809e-03 0.000000000000000000e+00
1.366716356462005988e-03 0.000000000000000000e+00
1.464971398307284749e-03 0.000000000000000000e+00
1.570290124729377445e-03 0.000000000000000000e+00
1.683180353330956556e-03 0.000000000000000000e+00
1.804186409392071833e-03 0.000000000000000000e+00
1.933891750455230159e-03 0.000000000000000000e+00
2.072921779595369735e-03 1.131828696328764460e-208
2.221946860939523916e-03 3.832039860463060813e-30
2.381685551976158062e-03 1.819462855643020184e-03
2.552908068239516468e-03 3.173204101318199272e-02
2.736439997074669155e-03 1.008313956629135338e-01
2.933166278390042427e-03 5.480712968144580977e-01
3.144035471591500111e-03 2.435362889157334010e+00
3.370064329271928172e-03 8.874870440210617772e+00
3.612342699709430310e-03 2.661948694808571503e+01
3.872038781812553020e-03 6.598188449675859601e+01
4.150404757850472380e-03 1.357558888972038176e+02
4.448782831127585241e-03 2.329608154906552500e+02
4.768611697714469390e-03 3.351333039466119885e+02
5.111433483440165799e-03 4.063445928812472516e+02
5.478901179593939109e-03 4.175641544630365161e+02
5.872786613189477124e-03 3.657240514200271946e+02
6.294988990221887619e-03 2.745585842974008983e+02
6.747544053110693212e-03 1.776547274336778912e+02
7.232633896483533706e-03 9.961043634281490711e+01
7.752597488629456302e-03 4.864629918525725571e+01
8.309941949353387078e-03 2.079106854794514803e+01
8.907354638610439843e-03 7.811016923586327820e+00
9.547716114208055702e-03 2.589921460436053202e+00
1.023411402105452693e-02 7.606414540261537960e-01
1.096985797892384082e-02 2.749826831928255805e-02
1.175849554052155709e-02 5.223069599342649444e-02
1.260382929679727468e-02 2.422373219086592158e-02
1.350993521198025175e-02 7.694677989298295438e-04
1.448118227674533021e-02 2.002003739400730396e-04
1.552225357427047987e-02 1.405008024416777481e-04
1.663816886076127308e-02 1.732419112687520301e-05
1.783430876931909465e-02 6.140944621457845360e-07
1.911644075385699609e-02 8.490919709517763411e-08
2.049074689815846145e-02 4.081078230782936695e-10
2.196385372416546911e-02 7.107675874223640056e-10
2.354286414322415491e-02 1.522134423272206369e-11
2.523539170434765944e-02 3.129974466375176094e-15
2.704959730463131484e-02 2.201513493698943142e-14
2.899422853882875281e-02 2.223695939990711326e-15
3.107866187782013997e-02 8.096953485127398001e-16
3.331294787934670210e-02 1.015414407374427574e-17
3.570785964900462933e-02 3.851871676379468018e-18
3.827494478516307169e-02 1.651025298011552425e-19
4.102658105827190066e-02 3.191678722522478233e-22
4.397603609302721400e-02 1.232847901148860181e-25
4.713753134116719506e-02 4.847371818694827241e-25
5.052631065335679711e-02 2.267262225263174302e-26
5.415871378079464837e-02 8.806520668985279365e-28
5.805225516094895954e-02 8.417748982539949295e-30
6.222570836730231120e-02 9.267528782393561918e-31
6.669919663030114687e-02 2.195270468708671105e-33
7.149428986597576585e-02 1.176563626825470790e-37
7.663410868007446142e-02 1.319065279692869291e-36
8.214343584919421570e-02 3.618305837072604133e-38
8.804883581643464796e-02 3.396304839748490380e-40
9.437878277775371694e-02 6.192824846804879411e-42
1.011637979766207007e-01 2.265177227978259954e-45
1.084365968689608717e-01 9.252034961729672359e-48
1.162322468679851811e-01 8.727856224542760129e-51
1.245883364295008178e-01 2.176618567577202019e-50
1.335451562929897418e-01 2.406113048751198912e-52
1.431458937523478470e-01 1.025117425408527363e-54
1.534368408930009975e-01 2.336240730565744838e-57
1.644676177994662813e-01 2.043616032971551268e-59
1.762914118095947891e-01 1.920475262171580315e-63
1.889652339691207661e-01 2.179075492061110609e-65
2.025501939230666404e-01 1.832060065682032439e-66
2.171117945694500950e-01 1.091885196519002848e-69
2.327202478960407328e-01 5.303448795152284070e-73
2.494508135230316670e-01 1.786172194106782066e-74
2.673841615839944175e-01 3.491257081202614623e-77
2.866067616948250185e-01 1.441744004048214483e-79
3.072112998861752931e-01 2.298563669085999470e-82
3.292971255097147942e-01 4.933428543161225911e-85
3.529707302730650254e-01 9.574239598621156407e-90
3.783462617131925221e-01 4.226271470059234679e-93
4.055460735840827891e-01 3.957113771138014835e-95
4.347013158125017651e-01 4.417290627578699537e-97
4.659525668664677434e-01 3.358272797271885166e-100
4.994505115855140120e-01 2.703896601483710447e-103
5.353566677410719343e-01 1.157303820401409699e-106
5.738441648302392561e-01 1.598742139247896909e-112
6.150985788580504154e-01 7.838235735026770719e-113
6.593188271333542128e-01 2.967927635158858284e-115
7.067181273927490848e-01 7.235369855926495759e-119
7.575250258771905054e-01 2.772169767230725041e-122
8.119844993184008874e-01 1.478087295415979788e-125
8.703591361485165656e-01 8.541699629900410268e-131
9.329304026284677143e-01 1.273886883542567795e-133
1.000000000000000000e+00 1.502513162363316773e-135
