# Posterior distribution for f, given N = 1 merger events at LIGO O3. PBH Mass: 0.5 M_sunPrior: jeffreys
# Columns: f, P(f|N)
9.999999999999999547e-07 8.416139272344972731e-06
1.071891319205128528e-06 9.669730117647979165e-06
1.148951000187308475e-06 1.111004421580549310e-05
1.231550603292826123e-06 1.276489409738191322e-05
1.320088400831416760e-06 1.466623497694657976e-05
1.414991297434575852e-06 1.685078180511317424e-05
1.516716888470924146e-06 1.936071822990192146e-05
1.625755666443793459e-06 2.224451115711169647e-05
1.742633386009650705e-06 2.555784663840927478e-05
1.867913599020780929e-06 2.936470515855120892e-05
2.002200371815584564e-06 3.373859708479224094e-05
2.146141197858405979e-06 3.876398213405698496e-05
2.300430119772916844e-06 4.453790026657868274e-05
2.465811075822603893e-06 5.117184549701466763e-05
2.643081486974102836e-06 5.879391880436079843e-05
2.833096101839324281e-06 6.755130171084893572e-05
3.036771118035460538e-06 7.761309829143334593e-05
3.255088599835056550e-06 8.917360048898273820e-05
3.489101213406773843e-06 1.024560361006004783e-04
3.739937302478793814e-06 1.177168934202969407e-04
4.008806328898464506e-06 1.352508531862676555e-04
4.297004704320844031e-06 1.553964919359309294e-04
4.605922041145103558e-06 1.785428164216277169e-04
4.937047852839003774e-06 2.051367749574199001e-04
5.291978735958436362e-06 2.356918875131854246e-04
5.672426068491977286e-06 2.707981611741146818e-04
6.080224261649427418e-06 3.111334823958034285e-04
6.517339604882419798e-06 3.574767059916610372e-04
6.985879746785248997e-06 4.107226935395285163e-04
7.488103857590030710e-06 4.718995915202786303e-04
8.026433522257174640e-06 5.421886827277770703e-04
8.603464416684508890e-06 6.229471941502685590e-04
9.221978823334321272e-06 7.157345015749492058e-04
9.884959046625586455e-06 8.223422367095608015e-04
1.059560179277614854e-05 9.448288779090678038e-04
1.135733358343105172e-05 1.085559492092090864e-03
1.217382727739661976e-05 1.247251394794997260e-03
1.304901978014401602e-05 1.433026609452734811e-03
1.398713102647238687e-05 1.646472138109521168e-03
1.499268432786047117e-05 1.891709206367874711e-03
1.607052818261638468e-05 2.173472818373762064e-03
1.722585965398787565e-05 2.497203156327921884e-03
1.846424942895542385e-05 2.869150587215510157e-03
1.979166867853557454e-05 3.296496301531204841e-03
2.121451784910627868e-05 3.787490909754483680e-03
2.273965752357927516e-05 4.351613667949691920e-03
2.437444150122221616e-05 4.999755400720787973e-03
2.612675225563326344e-05 5.744428645391580664e-03
2.800503894183631128e-05 6.600009064369867506e-03
3.001835813575592089e-05 7.583012773100083169e-03
3.217641750250735676e-05 8.712414920158581197e-03
3.448962260405759859e-05 1.001001564689385850e-02
3.696912707195024335e-05 1.150086046139701945e-02
3.962688638701478144e-05 1.321372310247890570e-02
4.247571552536893796e-05 1.518166016309356256e-02
4.552935074866947907e-05 1.744264811137706886e-02
4.880251583654433487e-05 2.004031491632002684e-02
5.231099308056257952e-05 2.302478028272014060e-02
5.607169938205458130e-05 2.645362055895626729e-02
6.010276782070387642e-05 3.039297673819598561e-02
6.442363508721369713e-05 3.491882667062579798e-02
6.905513520162330260e-05 4.011844568825746055e-02
7.401959996915637120e-05 4.609208336782900234e-02
7.934096665797492082e-05 5.295488818074299553e-02
8.504489341802668747e-05 6.083911636816243668e-02
9.115888299750818402e-05 6.989666660809500109e-02
9.771241535346501675e-05 8.030198799085405681e-02
1.047370897959449686e-04 9.225541557877088572e-02
1.122667773510813578e-04 1.059869954921054819e-01
1.203377840777589337e-04 1.217608701391592330e-01
1.289890261253308021e-04 1.398803040035881684e-01
1.382622173764654864e-04 1.606934414280483114e-01
1.482020705798858503e-04 1.845999002022855051e-01
1.588565129428052810e-04 2.120583185819461813e-01
1.702769172225899476e-04 2.435949887243417933e-01
1.825183494319042592e-04 2.798137264977200722e-01
1.956398343517062703e-04 3.214071462301950066e-01
2.097046401323232709e-04 3.691695291818192226e-01
2.247805833548725178e-04 4.240114962277684030e-01
2.409403560239524325e-04 4.869767181849853355e-01
2.582618760682674902e-04 5.592609209729436648e-01
2.768286630392063972e-04 6.422334667005703546e-01
2.967302408188869536e-04 7.374618148113215588e-01
3.180625692794118915e-04 8.467391881436610035e-01
3.409285069746810937e-04 9.721157851260424643e-01
3.654383070957254701e-04 1.115933888489119452e+00
3.917101490809256391e-04 1.280867218987479239e+00
4.198707084443910179e-04 1.469964864499664348e+00
4.500557675700497698e-04 1.686700073657006360e+00
4.824108704165368721e-04 1.935024129850038799e+00
5.170920242896755517e-04 2.219425404443659211e+00
5.542664520663101490e-04 2.544993512434020388e+00
5.941133984965033281e-04 2.917488240857694759e+00
6.368249944718586218e-04 3.343412566752543835e+00
6.826071834272385728e-04 3.830088599008283357e+00
7.316807143427192690e-04 4.385734633221929357e+00
7.842822061337682274e-04 5.019540661523319791e+00
8.406652885618325121e-04 5.741738586597793237e+00
9.011018251665018231e-04 6.563662004809437178e+00
9.658832241158698054e-04 7.497788703169734781e+00
1.035321843295661671e-03 8.557756923374650881e+00
1.109752496412072130e-03 9.758343967380509909e+00
1.189534067370319513e-03 1.111539287300748136e+01
1.275051240713012809e-03 1.264566975347535482e+01
1.366716356462005988e-03 1.436663113901252409e+01
1.464971398307284749e-03 1.629607757543287505e+01
1.570290124729377445e-03 1.845166728642273668e+01
1.683180353330956556e-03 2.085026256689177160e+01
1.804186409392071833e-03 2.350708265971018562e+01
1.933891750455230159e-03 2.643464133692657114e+01
2.072921779595369735e-03 2.964145660960336315e+01
2.221946860939523916e-03 3.313053532955864711e+01
2.381685551976158062e-03 3.689765811510175553e+01
2.552908068239516468e-03 4.092952061481735626e+01
2.736439997074669155e-03 4.520182505759093061e+01
2.933166278390042427e-03 4.967745901655391805e+01
3.144035471591500111e-03 5.430494176710600129e+01
3.370064329271928172e-03 5.901735550407182984e+01
3.612342699709430310e-03 6.373199989830533241e+01
3.872038781812553020e-03 6.835100412460458585e+01
4.150404757850472380e-03 7.276309209143809653e+01
4.448782831127585241e-03 7.684661989348963118e+01
4.768611697714469390e-03 8.047389218298094704e+01
5.111433483440165799e-03 8.351662736149046395e+01
5.478901179593939109e-03 8.585229905634351155e+01
5.872786613189477124e-03 8.737095624061359445e+01
6.294988990221887619e-03 8.798203803919797394e+01
6.747544053110693212e-03 8.762066565098633930e+01
7.232633896483533706e-03 8.625291530208293977e+01
7.752597488629456302e-03 8.387964354717399829e+01
8.309941949353387078e-03 8.053853302062451291e+01
8.907354638610439843e-03 7.630413589580835776e+01
9.547716114208055702e-03 7.128580288515055940e+01
1.023411402105452693e-02 6.562349637784453193e+01
1.096985797892384082e-02 5.948160351300537485e+01
1.175849554052155709e-02 5.304099844508944273e+01
1.260382929679727468e-02 4.648975610189214791e+01
1.350993521198025175e-02 4.001308499573529076e+01
1.448118227674533021e-02 3.378320153347101495e+01
1.552225357427047987e-02 2.794997832236763813e+01
1.663816886076127308e-02 2.263322539382441434e+01
1.783430876931909465e-02 1.791737443206186953e+01
1.911644075385699609e-02 1.384911955944136253e+01
2.049074689815846145e-02 1.043823960303630116e+01
2.196385372416546911e-02 7.661431817008216072e+00
2.354286414322415491e-02 5.468594921458365121e+00
2.523539170434765944e-02 3.790687399173950922e+00
2.704959730463131484e-02 2.548120763039722902e+00
2.899422853882875281e-02 1.658661666714955629e+00
3.107866187782013997e-02 1.044004017275650176e+00
3.331294787934670210e-02 6.344844117832523223e-01
3.570785964900462933e-02 3.717758741747330675e-01
3.827494478516307169e-02 2.097254490687148754e-01
4.102658105827190066e-02 1.137370520876822000e-01
4.397603609302721400e-02 5.921199011247230831e-02
4.713753134116719506e-02 2.955581962302294974e-02
5.052631065335679711e-02 1.377343203354651144e-02
5.415871378079464837e-02 6.254915026543363642e-03
5.805225516094895954e-02 2.731601333048637014e-03
6.222570836730231120e-02 1.151177509999838124e-03
6.669919663030114687e-02 4.686051389213262419e-04
7.149428986597576585e-02 1.834157048972856203e-04
7.663410868007446142e-02 6.826056268836381267e-05
8.214343584919421570e-02 2.376805597205371658e-05
8.804883581643464796e-02 7.607807970177214681e-06
9.437878277775371694e-02 2.204512987114619672e-06
1.011637979766207007e-01 5.731610205560573564e-07
1.084365968689608717e-01 1.343036587983478886e-07
1.162322468679851811e-01 2.926020730576426454e-08
1.245883364295008178e-01 6.362023378532812046e-09
1.335451562929897418e-01 1.498757356946833272e-09
1.431458937523478470e-01 3.856418969449229822e-10
1.534368408930009975e-01 1.000738252533706960e-10
1.644676177994662813e-01 2.404210498654531802e-11
1.762914118095947891e-01 5.075078284839232641e-12
1.889652339691207661e-01 9.139927650772546775e-13
2.025501939230666404e-01 1.375267480309787323e-13
2.171117945694500950e-01 1.695788994661287182e-14
2.327202478960407328e-01 1.679243753955092163e-15
2.494508135230316670e-01 1.307180143139722853e-16
2.673841615839944175e-01 7.850893123696120814e-18
2.866067616948250185e-01 3.701688708093574704e-19
3.072112998861752931e-01 1.825038012774309869e-20
3.292971255097147942e-01 2.062384115519290181e-21
3.529707302730650254e-01 4.018262599588602295e-22
3.783462617131925221e-01 7.450285217567637870e-23
4.055460735840827891e-01 1.167257702863734451e-23
4.347013158125017651e-01 1.505725455061691547e-24
4.659525668664677434e-01 1.567419229678886186e-25
4.994505115855140120e-01 1.288519185443374416e-26
5.353566677410719343e-01 8.168327058217478345e-28
5.738441648302392561e-01 3.889950183389555084e-29
6.150985788580504154e-01 1.352114900627833788e-30
6.593188271333542128e-01 3.323342677613966032e-32
7.067181273927490848e-01 5.578013291548242976e-34
7.575250258771905054e-01 6.152578558287434609e-36
8.119844993184008874e-01 4.275289686992588242e-38
8.703591361485165656e-01 1.786581563274137566e-40
9.329304026284677143e-01 4.266021407203013348e-43
1.000000000000000000e+00 5.502321862918888393e-46
