#  Posterior distribution for f, given N = 80.0 radio-detected PBHs. PBH Mass: 100M_sun
# M_sunPrior: log-flat
#  Columns: f, P(f|N)
# 
9.999999999999999547e-07 8.003036009379551795e-30
1.013925407558814200e-06 8.105540602597625024e-30
1.028044732093309784e-06 8.210733873598999165e-30
1.042360673976401061e-06 8.318704247719715730e-30
1.056875971184804981e-06 8.429543642174622885e-30
1.071593399822671139e-06 8.543347625685358142e-30
1.086515774652537176e-06 8.660215586546891564e-30
1.101645949633656974e-06 8.780250909338076626e-30
1.116986818467822540e-06 8.903561160742780884e-30
1.132541315152812586e-06 9.030258285203284767e-30
1.148312414543511196e-06 9.160458810992934215e-30
1.164303132920875528e-06 9.294284067211058643e-30
1.180516528568805485e-06 9.431860412098313588e-30
1.196955702359042833e-06 9.573319473761474139e-30
1.213623798344241863e-06 9.718798403936689802e-30
1.230524004359261563e-06 9.868440145443978878e-30
1.247659552630868398e-06 1.002239371419466000e-29
1.265033720395903716e-06 1.018081449654886771e-29
1.282649830528059960e-06 1.034386456334440974e-29
1.300511252173409911e-06 1.051171300099051506e-29
1.318621401394748467e-06 1.068453626104274552e-29
1.336983741824945150e-06 1.086251852985219030e-29
1.355601785329368979e-06 1.104585211832149283e-29
1.374479092677536677e-06 1.123473787407327458e-29
1.393619274224143468e-06 1.142938561711919187e-29
1.413025990599533632e-06 1.163001460057013585e-29
1.432702953409829350e-06 1.183685399749327040e-29
1.452653925946781160e-06 1.205014341640325608e-29
1.472882723907501804e-06 1.227013344656804395e-29
1.493393216124253301e-06 1.249708623528884886e-29
1.514189325304352035e-06 1.273127609924741349e-29
1.535275028780421201e-06 1.297299017178364959e-29
1.556654359271061967e-06 1.322252908929295290e-29
1.578331405652116571e-06 1.348020771841901018e-29
1.600310313738701654e-06 1.374635592688479205e-29
1.622595287078087214e-06 1.402131940137470058e-29
1.645190587753660682e-06 1.430546051558120915e-29
1.668100537200059127e-06 1.459915925083233785e-29
1.691329517029647040e-06 1.490281417374098726e-29
1.714881969870540874e-06 1.521684347474710016e-29
1.738762400216250434e-06 1.554168607133215749e-29
1.762975375287203917e-06 1.587780278070130818e-29
1.787525525904235397e-06 1.622567756622271181e-29
1.812417547374235695e-06 1.658581886290466903e-29
1.837656200388172474e-06 1.695876098855982954e-29
1.863246311931559818e-06 1.734506564457460375e-29
1.889192776207664423e-06 1.774532351414558639e-29
1.915500555573527830e-06 1.816015596499445904e-29
1.942174681489024486e-06 1.859021686269376480e-29
1.969220255479173340e-06 1.903619450427255649e-29
1.996642450109793374e-06 1.949881367917940330e-29
2.024446509976801877e-06 1.997883786790092914e-29
2.052637752709252226e-06 2.047707158832904876e-29
2.081221569986337122e-06 2.099436290005333010e-29
2.110203428568596572e-06 2.153160607870891546e-29
2.139588871343421664e-06 2.208974447305343733e-29
2.169383518385181950e-06 2.266977355846733950e-29
2.199593068030074676e-06 2.327274420121926830e-29
2.230223297965936432e-06 2.389976615030864869e-29
2.261280066337279372e-06 2.455201177348391514e-29
2.292769312865648563e-06 2.523072005621148475e-29
2.324697059985650290e-06 2.593720088450919895e-29
2.357069413996727979e-06 2.667283963303997363e-29
2.389892566231047836e-06 2.743910208202378845e-29
2.423172794237600507e-06 2.823753969025635239e-29
2.456916462982790237e-06 2.906979525041375005e-29
2.491130026067791046e-06 2.993760895810572531e-29
2.525820026962784695e-06 3.084282492816046045e-29
2.560993100258456944e-06 3.178739819250763949e-29
2.596655972934872394e-06 3.277340222063321358e-29
2.632815465648020122e-06 3.380303700391216749e-29
2.669478494034323617e-06 3.487863774988447418e-29
2.706652070033241224e-06 3.600268423733895050e-29
2.744343303228362398e-06 3.717781088680710163e-29
2.782559402207125977e-06 3.840681760584494791e-29
2.821307675939470909e-06 3.969268147506000192e-29
2.860595535175744707e-06 4.103856934438587165e-29
2.900430493863991580e-06 4.244785141859908635e-29
2.940820170587060722e-06 4.392411591513679908e-29
2.981772290019673234e-06 4.547118488755910192e-29
3.023294684405776334e-06 4.709313131618126072e-29
3.065395295056530018e-06 4.879429757298440913e-29
3.108082173869063814e-06 5.057931538664653348e-29
3.151363484866476280e-06 5.245312743557976088e-29
3.195247505759213607e-06 5.442101071393649992e-29
3.239742629528195378e-06 5.648860183336925191e-29
3.284857366030047033e-06 5.866192442867395634e-29
3.330600343624588548e-06 6.094741886054244846e-29
3.376980310825087979e-06 6.335197442694877636e-29
3.424006137971425541e-06 6.588296430867368069e-29
3.471686818926559579e-06 6.854828350375239978e-29
3.520031472796682339e-06 7.135639002864474584e-29
3.569049345675229473e-06 7.431634969059312980e-29
3.618749812411276882e-06 7.743788476639246727e-29
3.669142378402493899e-06 8.073142695917463738e-29
3.720236681413065725e-06 8.420817504079788749e-29
3.772042493417001451e-06 8.788015762665338286e-29
3.824569722466998750e-06 9.176030158079776696e-29
3.877828414589453094e-06 9.586250659938214301e-29
3.931828755705770305e-06 1.002017265739486745e-28
3.986581073580438997e-06 1.047940584032840734e-28
4.042095839796309714e-06 1.096568389943660144e-28
4.098383671757261184e-06 1.148087512645457391e-28
4.155455334718879651e-06 1.202699400554099809e-28
4.213321743847289341e-06 1.260621389557775536e-28
4.271993966306776970e-06 1.322088091441826601e-28
4.331483223376402566e-06 1.387352914855840524e-28
4.391800892596086187e-06 1.456689732468487922e-28
4.452958509942660131e-06 1.530394709521961471e-28
4.514967772036101769e-06 1.608788310608840834e-28
4.577840538376616169e-06 1.692217503479482167e-28
4.641588833612781958e-06 1.781058180765287416e-28
4.706224849841281354e-06 1.875717822814535873e-28
4.771760948938750521e-06 1.976638427590053213e-28
4.838209664925956952e-06 2.084299736504479312e-28
4.905583706365045857e-06 2.199222788372018486e-28
4.973895958790067320e-06 2.321973837559393066e-28
5.043159487171358525e-06 2.453168676466564413e-28
5.113387538414331605e-06 2.593477407240804029e-28
5.184593543892912765e-06 2.743629713120726836e-28
5.256791122018419569e-06 2.904420685647959358e-28
5.329994080844093235e-06 3.076717270837422830e-28
5.404216420705915271e-06 3.261465405070095227e-28
5.479472336900292930e-06 3.459697920068124004e-28
5.555776222398877724e-06 3.672543306018909186e-28
5.633142670601352205e-06 3.901235433101111126e-28
5.711586478126434863e-06 4.147124343936947387e-28
5.791122647641757912e-06 4.411688243748313514e-28
5.871766390733261702e-06 4.696546831034738571e-28
5.953533130814370033e-06 5.003476129430391951e-28
6.036438506075863713e-06 5.334425002444798152e-28
6.120498372476703066e-06 5.691533555882525742e-28
6.205728806776500758e-06 6.077153659157074668e-28
6.292146109610350494e-06 6.493871847457912977e-28
6.379766808606282652e-06 6.944534900628176267e-28
6.468607661546320942e-06 7.432278433878289320e-28
6.558685659571435694e-06 7.960558880625408921e-28
6.650018030431117999e-06 8.533189298175474014e-28
6.742622241778348883e-06 9.154379485344276001e-28
6.836516004510238809e-06 9.828780968121401759e-28
6.931717276155400522e-06 1.056153748520101287e-27
7.028244264308352554e-06 1.135834169224359751e-27
7.126115430111745365e-06 1.222549890475106389e-27
7.225349491787221566e-06 1.316999881281745560e-27
7.325965428215230423e-06 1.419959623322113192e-27
7.427982482564910469e-06 1.532290211562034249e-27
7.531420165974375663e-06 1.654948619327062093e-27
7.636298261282241959e-06 1.788999286940413191e-27
7.742636826811276894e-06 1.935627215990831994e-27
7.850456200204509316e-06 2.096152777995095446e-27
7.959777002314978321e-06 2.272048476825279159e-27
8.070620141149507638e-06 2.464957939819940015e-27
8.183006815867388940e-06 2.676717453366401168e-27
8.296958520834915102e-06 2.909380406277489967e-27
8.412497049736117495e-06 3.165245059192626166e-27
8.529644499741016815e-06 3.446886121957453812e-27
8.648423275731726255e-06 3.757190694987339574e-27
8.768856094587426870e-06 4.099399216318976567e-27
8.890965989529167165e-06 4.477152156258466187e-27
9.014776314524917239e-06 4.894543317705753828e-27
9.140310748756222539e-06 5.356180735629337804e-27
9.267593301146882451e-06 5.867256327455714021e-27
9.396648314954690500e-06 6.433625630565260062e-27
9.527500472427300024e-06 7.061899178732910111e-27
9.660174799522645609e-06 7.759547321707462371e-27
9.794696670695385670e-06 8.535020587490442505e-27
9.931091813749799848e-06 9.397888033323786113e-27
1.006938631476027116e-05 1.035899643776943946e-26
1.020960662306047607e-05 1.143065366422856228e-26
1.035177955630176194e-05 1.262684008550955376e-26
1.049593230558226690e-05 1.396345262560515934e-26
1.064209244064724650e-05 1.545858674511101852e-26
1.079028791516183681e-05 1.713286262352016936e-26
1.094054707205743495e-05 1.900980287648069538e-26
1.109289864895222712e-05 2.111627041953197434e-26
1.124737178364750747e-05 2.348297662606751053e-26
1.140399601970033156e-05 2.614507170832616819e-26
1.156280131207375302e-05 2.914283139929457972e-26
1.172381803286599682e-05 3.252245654829932271e-26
1.188707697711903343e-05 3.633700524616221500e-26
1.205260936870841401e-05 4.064748069927486529e-26
1.222044686631488650e-05 4.552410234003147404e-26
1.239062156947915659e-05 5.104779277698492826e-26
1.256316602474121465e-05 5.731191926496359233e-26
1.273811323186478452e-05 6.442433568206043608e-26
1.291549665014882683e-05 7.250977972930831461e-26
1.309535020482667643e-05 8.171269051810579103e-26
1.327770829355429101e-05 9.220052430655580589e-26
1.346260579298911035e-05 1.041676612019207659e-25
1.365007806546013744e-05 1.178400138365958101e-25
1.384016096573130180e-05 1.334804708948619534e-25
1.403289084785873161e-05 1.513953347414938956e-25
1.422830457214351858e-05 1.719419443517239563e-25
1.442643951218158844e-05 1.955377131871243204e-25
1.462733356201129868e-05 2.226708583720399721e-25
1.483102514336102853e-05 2.539131541406359031e-25
1.503755321299738461e-05 2.899351111049234143e-25
1.524695727017572978e-05 3.315240664891226081e-25
1.545927736419478539e-05 3.796057719844276415e-25
1.567455410205594862e-05 4.352701896410762815e-25
1.589282865622976477e-05 4.998023573938753667e-25
1.611414277253019959e-05 5.747193704102002338e-25
1.633853877809860416e-05 6.618147501993044164e-25
1.656605958949915094e-05 7.632117501781995434e-25
1.679674872092653225e-05 8.814274861198731285e-25
1.703065029252842484e-05 1.019450196709937218e-24
1.726780903884356100e-05 1.180832452613061208e-24
1.750827031735723228e-05 1.369803765057027743e-24
1.775208011717636033e-05 1.591406824276116198e-24
1.799928506782476521e-05 1.851662561878200149e-24
1.824993244816150412e-05 2.157770423741434331e-24
1.850407019542302264e-05 2.518351716534665845e-24
1.876174691439119540e-05 2.943745722856352295e-24
1.902301188668945850e-05 3.446370558333509981e-24
1.928791508020777896e-05 4.041163575937597295e-24
1.955650715865946999e-05 4.746119654089181801e-24
1.982883949127071257e-05 5.582950111468179937e-24
2.010496416260496873e-05 6.559136529799406010e-24
2.038493398252464128e-05 7.696171671197259415e-24
2.066880249629082024e-05 9.041028691310029356e-24
2.095662399480430758e-05 1.063717412383763579e-23
2.124845352498882828e-05 1.253442833645795159e-23
2.154434690031882321e-05 1.479303060757501646e-23
2.184436071149428344e-05 1.748592676025227378e-23
2.214855233726359179e-05 2.070158212502482943e-23
2.245697995539771554e-05 2.454744560235401727e-23
2.276970255381680078e-05 2.915422189762284562e-23
2.308677994187167203e-05 3.468114838160984369e-23
2.340827276178294449e-05 4.132252266605063945e-23
2.373424250023866352e-05 4.931578959732674629e-23
2.406475150015421866e-05 5.895157551947490168e-23
2.439986297259550131e-05 7.058615782955083916e-23
2.473964100886811809e-05 8.465698480231655170e-23
2.508415059277541105e-05 1.017020218712120047e-22
2.543345761304648090e-05 1.223839054721840101e-22
2.578762887593798400e-05 1.475201465375288913e-22
2.614673211801091967e-05 1.781209585299731404e-22
2.651083601908536211e-05 2.154367100318247561e-22
2.688001021537607461e-05 2.610175457315612720e-22
2.725432531281027978e-05 3.167884164409458541e-22
2.763385290053166867e-05 3.851436530852945930e-22
2.801866556459195316e-05 4.690663687868809607e-22
2.840883690183301088e-05 5.722794529144421899e-22
2.880444153396297702e-05 6.994368287955319366e-22
2.920555512182745176e-05 8.563661104093569342e-22
2.961225437988031288e-05 1.050376980726304734e-21
3.002461709085549186e-05 1.290653743252548176e-21
3.044272212064305779e-05 1.588755856706714043e-21
3.086664943337274645e-05 1.959257227902045053e-21
3.129648010670750265e-05 2.420564105060138545e-21
3.173229634734972955e-05 2.995963239335968769e-21
3.217418150676371437e-05 3.714967426837213957e-21
3.262222009711673420e-05 4.615045752118843491e-21
3.307649780744242331e-05 5.743852336773645163e-21
3.353710152002928861e-05 7.162102159411951244e-21
3.400411932703702948e-05 8.947288225287102423e-21
3.447764054734463976e-05 1.119849456248166656e-20
3.495775574363278547e-05 1.404263894867664880e-20
3.544455673970435463e-05 1.764258423024663997e-20
3.593813663804625562e-05 2.220769602666272379e-20
3.643858983763540501e-05 2.800760883868019892e-20
3.694601205199302477e-05 3.539020726192374889e-20
3.746050032748996612e-05 4.480515455174243679e-20
3.798215306190736308e-05 5.683473464577760014e-20
3.851107002325568519e-05 7.223435296001106401e-20
3.904735236885555739e-05 9.198581584109939323e-20
3.959110266468458876e-05 1.173675461813078155e-19
4.014242490499325976e-05 1.500472850126736131e-19
4.070142453219438740e-05 1.922047005293716039e-19
4.126820845702951608e-05 2.466938460960707681e-19
4.184288507901584570e-05 3.172588080243503913e-19
4.242556430717776958e-05 4.088204769576121111e-19
4.301635758106799609e-05 5.278585932812725055e-19
4.361537789208005635e-05 6.829216459398042637e-19
4.422273980505896747e-05 8.853086523392562300e-19
4.483855948021190816e-05 1.149982423051854642e-18
4.546295469532399562e-05 1.496795144531080777e-18
4.609604486828438810e-05 1.952136097218839270e-18
4.673795107992463778e-05 2.551150967282963847e-18
4.738879609717651056e-05 3.340736521358841345e-18
4.804870439655133953e-05 4.383588950129354780e-18
4.871780218794630613e-05 5.763686661403988071e-18
4.939621743878325959e-05 7.593729432183788228e-18
5.008407989848212116e-05 1.001499645873203485e-17
5.078152112327670659e-05 1.321644642403315826e-17
5.148867450137497919e-05 1.746799880526868898e-17
5.220567527846975100e-05 2.313353739991210515e-17
5.293266058360566627e-05 3.069813059625416964e-17
5.366976945540475778e-05 4.081813914789723670e-17
5.441714286865887681e-05 5.438336940087616530e-17
5.517492376129128718e-05 7.260236158513818070e-17
5.594325706169377268e-05 9.711963406876787483e-17
5.672228971644549213e-05 1.301771447765407257e-16
5.751217071841613668e-05 1.748370420334828582e-16
5.831305113526218489e-05 2.352895162628078092e-16
5.912508413831881030e-05 3.172790195291064721e-16
5.994842503189408905e-05 4.286954085681706012e-16
6.078323128297236501e-05 5.803952730078449726e-16
6.162966255132942199e-05 7.873450853783384415e-16
6.248788072006888211e-05 1.070215057358111500e-15
6.335804992658254750e-05 1.457605274323165327e-15
6.424033659394190888e-05 1.989160326756016310e-15
6.513490946272809873e-05 2.719934582058529344e-15
6.604193962330304700e-05 3.726520787068906362e-15
6.696160054853215278e-05 5.115668992604741344e-15
6.789406812696112826e-05 7.036428316700052977e-15
6.883952069645495682e-05 9.697280316626215076e-15
6.979813907830667650e-05 1.339035660776117562e-14
7.077010661181888922e-05 1.852572687535679977e-14
7.175560918936921718e-05 2.568002502841241842e-14
7.275483529196232206e-05 3.566552222950036801e-14
7.376797602527730984e-05 4.962840389723004989e-14
7.479522515621828658e-05 6.918882310526404382e-14
7.583677914997190089e-05 9.664080713116082809e-14
7.689283720758305352e-05 1.352380460320578665e-13
7.796360130405236585e-05 1.896030964943755880e-13
7.904927622696420267e-05 2.663142002872061603e-13
8.015006961565413965e-05 3.747480926071868787e-13
8.126619200091945365e-05 5.282922916078640143e-13
8.239785684528511741e-05 7.460914327120281242e-13
8.354528058382871408e-05 1.055566584256464031e-12
8.470868266557402936e-05 1.496054919355075433e-12
8.588828559546259111e-05 2.124075416140542792e-12
8.708431497690723578e-05 3.020957613452624813e-12
8.829699955494083421e-05 4.303908968658761731e-12
8.952657125996401179e-05 6.142092240493903298e-12
9.077326525210223113e-05 8.780011491334154923e-12
9.203731996618230639e-05 1.257157277798798065e-11
9.331897715733238812e-05 1.802975422692696975e-11
9.461848194721991974e-05 2.589912751787225768e-11
9.593608287093146887e-05 3.726186991488124355e-11
9.727203192450537027e-05 5.369291211180372039e-11
9.862658461312830713e-05 7.748725082606900887e-11
1.000000000000000048e-04 1.121526034110850398e-10
1.013925407558815276e-04 1.629592565770894131e-10
1.028044732093309733e-04 2.373634892038342466e-10
1.042360673976401179e-04 3.462365317401996555e-10
1.056875971184803998e-04 5.057561927764108441e-10
1.071593399822671198e-04 7.397817433172378608e-10
1.086515774652538379e-04 1.083538328216687489e-09
1.101645949633656949e-04 1.589083987710266712e-09
1.116986818467822557e-04 2.333427966288669855e-09
1.132541315152811519e-04 3.430594685897157119e-09
1.148312414543511137e-04 5.049562909736155049e-09
1.164303132920876748e-04 7.440957506746094591e-09
1.180516528568805612e-04 1.097678607700576791e-08
1.196955702359042841e-04 1.620962480953547712e-08
1.213623798344240533e-04 2.396081102018856833e-08
1.230524004359261579e-04 3.545190672540605225e-08
1.247659552630869643e-04 5.250072325099618027e-08
1.265033720395903835e-04 7.781368139303082353e-08
1.282649830528059917e-04 1.154219235963912773e-07
1.300511252173408420e-04 1.713319220090563143e-07
1.318621401394748458e-04 2.544960995699198648e-07
1.336983741824946607e-04 3.782607877751351989e-07
1.355601785329368979e-04 5.625259759574392510e-07
1.374479092677536609e-04 8.369660587756206620e-07
1.393619274224142113e-04 1.245831359026739069e-06
1.413025990599533599e-04 1.855103501177796586e-06
1.432702953409830901e-04 2.763153447458359465e-06
1.452653925946781202e-04 4.116607698956359783e-06
1.472882723907501770e-04 6.133951854008364556e-06
1.493393216124251827e-04 9.140617678576952424e-06
1.514189325304352018e-04 1.362109498898568541e-05
1.535275028780422768e-04 2.029625304398131392e-05
1.556654359271062154e-04 3.023794129313150226e-05
1.578331405652118053e-04 4.503863785235604850e-05
1.600310313738700137e-04 6.706225393948971871e-05
1.622595287078087002e-04 9.981437899870098372e-05
1.645190587753662351e-04 1.484879839145373723e-04
1.668100537200059119e-04 2.207663527258851279e-04
1.691329517029648683e-04 3.280023044109519931e-04
1.714881969870539155e-04 4.869465941379433078e-04
1.738762400216250527e-04 7.222758182431419493e-04
1.762975375287205730e-04 1.070281139926735096e-03
1.787525525904235457e-04 1.584237628575328998e-03
1.812417547374237711e-04 2.342199342272870306e-03
1.837656200388170424e-04 3.458284270693197295e-03
1.863246311931559835e-04 5.098962663308110113e-03
1.889192776207666380e-04 7.506492218100917560e-03
1.915500555573527931e-04 1.103252180482807918e-02
1.942174681489026468e-04 1.618610250923402730e-02
1.969220255479171443e-04 2.370202103546940886e-02
1.996642450109793374e-04 3.464693726915582528e-02
2.024446509976803791e-04 5.056801797626821887e-02
2.052637752709252192e-04 7.365767718610509440e-02
2.081221569986339392e-04 1.070282855838103897e-01
2.110203428568594353e-04 1.551157344095646373e-01
2.139588871343421563e-04 2.241953699902420327e-01
2.169383518385184322e-04 3.231068443032770188e-01
2.199593068030074913e-04 4.642458957282206700e-01
2.230223297965938634e-04 6.649124327530380185e-01
2.261280066337277204e-04 9.491300864812632909e-01
2.292769312865648647e-04 1.350083763456911168e+00
2.324697059985647986e-04 1.913359007897026842e+00
2.357069413996727843e-04 2.701210060827628823e+00
2.389892566231050343e-04 3.798131540785405047e+00
2.423172794237598237e-04 5.318059720991808348e+00
2.456916462982790305e-04 7.413579919060775403e+00
2.491130026067788590e-04 1.028756093269602800e+01
2.525820026962784779e-04 1.420766740683646390e+01
2.560993100258459536e-04 1.952420485915225612e+01
2.596655972934869836e-04 2.669171443862326143e+01
2.632815465648020189e-04 3.629463589778170984e+01
2.669478494034321025e-04 4.907717458783550768e+01
2.706652070033241072e-04 6.597721561987945904e+01
2.744343303228365160e-04 8.816369896120109217e+01
2.782559402207125773e-04 1.170762791015091580e+02
2.821307675939470740e-04 1.544653254867695296e+02
2.860595535175741895e-04 2.024293728082157600e+02
2.900430493863991868e-04 2.634460238465999282e+02
2.940820170587063703e-04 3.403910936756646493e+02
2.981772290019673471e-04 4.365395562827314393e+02
3.023294684405776131e-04 5.555407553102622842e+02
3.065395295056526901e-04 7.013595645129764762e+02
3.108082173869063645e-04 8.781749768075180782e+02
3.151363484866479448e-04 1.090228243201838268e+03
3.195247505759213607e-04 1.341614467937207564e+03
3.239742629528195514e-04 1.636014755280061081e+03
3.284857366030043374e-04 1.976370769111975505e+03
3.330600343624588820e-04 2.364509933934383753e+03
3.376980310825091164e-04 2.800737269696915519e+03
3.424006137971425897e-04 3.283418522299399228e+03
3.471686818926559680e-04 3.808588013524089547e+03
3.520031472796678832e-04 4.369622348551648429e+03
3.569049345675229896e-04 4.957026392754443805e+03
3.618749812411280490e-04 5.558379249877188158e+03
3.669142378402493712e-04 6.158483924384386228e+03
3.720236681413065759e-04 6.739753881771632223e+03
3.772042493416997554e-04 7.282852457522473742e+03
3.824569722466999088e-04 7.767577583924198734e+03
3.877828414589457430e-04 8.173956313762656464e+03
3.931828755705770373e-04 8.483483997757411998e+03
3.986581073580438726e-04 8.680415568632506620e+03
4.042095839796305953e-04 8.752995583761463422e+03
4.098383671757261184e-04 8.694503752056600206e+03
4.155455334718875077e-04 8.503996983345059562e+03
4.213321743847288901e-04 8.186649207703232605e+03
4.271993966306776428e-04 7.753625648901579552e+03
4.331483223376398229e-04 7.221475620905369396e+03
4.391800892596086085e-04 6.611081552101045418e+03
4.452958509942655184e-04 5.946254431896652022e+03
4.514967772036101870e-04 5.252109284362340986e+03
4.577840538376616304e-04 4.553381550179151418e+03
4.641588833612777317e-04 3.872851628450860971e+03
4.706224849841281286e-04 3.230028845734543211e+03
4.771760948938746048e-04 2.640210092872388941e+03
4.838209664925957392e-04 2.113978062768559539e+03
4.905583706365045484e-04 1.657147580654143212e+03
4.973895958790062848e-04 1.271175679564839356e+03
5.043159487171358559e-04 9.540336728971511775e+02
5.113387538414325981e-04 7.002420722320350706e+02
5.184593543892913273e-04 5.021438037671246661e+02
5.256791122018424686e-04 3.516015854769530051e+02
5.329994080844087509e-04 2.402474342121432187e+02
5.404216420705914865e-04 1.600992261283060429e+02
5.479472336900287170e-04 1.039858858820013836e+02
5.555776222398877860e-04 6.578715782570630211e+01
5.633142670601357050e-04 4.051454102846423666e+01
5.711586478126429341e-04 2.427167958628877642e+01
5.791122647641758691e-04 1.413573223623070696e+01
5.871766390733255264e-04 7.997811259908989001e+00
5.953533130814370406e-04 4.392961106715674191e+00
6.036438506075870319e-04 2.340830908854642178e+00
6.120498372476696662e-04 1.209194915215909827e+00
6.205728806776500623e-04 6.050860633433058355e-01
6.292146109610343785e-04 2.930942533768652880e-01
6.379766808606282449e-04 1.373204313270275645e-01
6.468607661546327617e-04 6.218170414327625628e-02
6.558685659571429020e-04 2.719223973343042056e-02
6.650018030431118507e-04 1.147442134688388474e-02
6.742622241778341904e-04 4.668332053620752667e-03
6.836516004510238267e-04 1.829668831678230630e-03
6.931717276155407569e-04 6.902248135485504910e-04
7.028244264308345507e-04 2.504010848132978001e-04
7.126115430111745839e-04 8.728149960612492371e-05
7.225349491787214518e-04 2.920476783629470235e-05
7.325965428215230456e-04 9.371915298125201016e-06
7.427982482564917787e-04 2.881612432011859164e-06
7.531420165974367972e-04 8.481192674631293341e-07
7.636298261282241416e-04 2.387073284310113322e-07
7.742636826811269846e-04 6.418402918329826085e-08
7.850456200204509452e-04 1.647012891345834534e-08
7.959777002314985571e-04 4.029243367985030580e-09
8.070620141149498694e-04 9.387398983957778893e-10
8.183006815867389754e-04 2.080616625729252671e-10
8.296958520834906564e-04 4.382120951655585249e-11
8.412497049736117902e-04 8.760587750083641216e-12
8.529644499741025759e-04 1.660505032603253466e-12
8.648423275731718192e-04 2.980553455134262634e-13
8.768856094587426870e-04 5.060403321013912176e-14
8.890965989529158288e-04 8.116642618705620865e-15
9.014776314524917782e-04 1.228377989946742049e-15
9.140310748756232161e-04 1.751873089962509033e-16
9.267593301146882789e-04 2.351409408327618483e-17
9.396648314954690433e-04 2.966456081421139217e-18
9.527500472427289724e-04 3.512769196947579260e-19
9.660174799522645676e-04 3.899150416134609735e-20
9.794696670695395360e-04 4.051298151705312808e-21
9.931091813749799713e-04 3.934646653831551872e-22
1.006938631476027041e-03 3.566778705019657410e-23
1.020960662306046604e-03 3.013456899943057901e-24
1.035177955630176309e-03 2.369296448307769185e-25
1.049593230558227598e-03 1.730908628081936145e-26
1.064209244064724582e-03 1.173143755809745510e-27
1.079028791516183647e-03 7.364780586485232707e-29
1.094054707205742438e-03 4.275588675772737510e-30
1.109289864895222780e-03 2.291618288756168681e-31
1.124737178364752007e-03 1.132056515412218314e-32
1.140399601970033122e-03 5.145515441278139961e-34
1.156280131207375458e-03 2.148157625559007883e-35
1.172381803286598597e-03 8.222563863684652370e-37
1.188707697711903228e-03 2.880482192317345709e-38
1.205260936870842505e-03 9.218034486887129304e-40
1.222044686631488684e-03 2.689739233092498664e-41
1.239062156947915577e-03 7.142482474549662436e-43
1.256316602474120232e-03 1.722695300922075792e-44
1.273811323186478574e-03 3.766392674692459035e-46
1.291549665014883998e-03 7.449417538079915555e-48
1.309535020482667771e-03 1.330161331141188094e-49
1.327770829355428986e-03 2.139739798077835642e-51
1.346260579298909571e-03 3.094318617884487486e-53
1.365007806546013683e-03 4.013954378391725529e-55
1.384016096573131502e-03 4.660386643481309861e-57
1.403289084785873256e-03 4.832089190054330692e-59
1.422830457214352027e-03 4.463906233054385227e-61
1.442643951218157373e-03 3.665624396651309891e-63
1.462733356201129922e-03 2.669322098301241765e-65
1.483102514336104337e-03 1.719581844404357049e-67
1.503755321299738400e-03 9.775598832027146424e-70
1.524695727017573053e-03 4.891849542009401311e-72
1.545927736419476940e-03 2.149329416516484741e-74
1.567455410205594903e-03 8.269973215773129110e-77
1.589282865622978049e-03 2.779247695961102374e-79
1.611414277253019837e-03 8.135844414855230547e-82
1.633853877809862123e-03 2.068899924231465788e-84
1.656605958949913414e-03 4.557489952571978891e-87
1.679674872092653225e-03 8.672165805186438141e-90
1.703065029252844422e-03 1.421311291551738573e-92
1.726780903884356060e-03 2.000471361539593819e-95
1.750827031735725098e-03 2.410770401600160380e-98
1.775208011717634149e-03 2.479906991356173476e-101
1.799928506782476562e-03 2.170815836584710203e-104
1.824993244816152391e-03 1.611931521276130093e-107
1.850407019542302115e-03 1.012068075264900737e-110
1.876174691439121437e-03 5.355389022030260424e-114
1.902301188668943871e-03 2.380366336959994527e-117
1.928791508020777801e-03 8.857183050401835992e-121
1.955650715865949168e-03 2.749462865206787755e-124
1.982883949127071596e-03 7.095373178656933018e-128
2.010496416260499231e-03 1.516789786767459205e-131
2.038493398252461987e-03 2.676198821846548173e-135
2.066880249629082268e-03 3.882810489448298249e-139
2.095662399480432980e-03 4.615006791321831404e-143
2.124845352498882720e-03 4.476424947903950582e-147
2.154434690031884272e-03 3.529620878215631309e-151
2.184436071149426298e-03 2.253396255626360316e-155
2.214855233726359396e-03 1.160123651525201568e-159
2.245697995539773940e-03 4.796689492455831445e-164
2.276970255381679901e-03 1.586102995561807332e-168
2.308677994187169520e-03 4.176604571137210020e-173
2.340827276178291793e-03 8.720364179388390296e-178
2.373424250023866040e-03 1.437305439959995495e-182
2.406475150015424062e-03 1.861730596214200134e-187
2.439986297259550199e-03 1.886486613912875179e-192
2.473964100886814031e-03 1.488471899950724867e-197
2.508415059277538557e-03 9.101709514131744129e-203
2.543345761304648036e-03 4.292497199104889532e-208
2.578762887593801043e-03 1.553725835854160895e-213
2.614673211801091940e-03 4.294883108924483204e-219
2.651083601908538895e-03 9.020658305277804659e-225
2.688001021537604791e-03 1.432167397745699554e-230
2.725432531281027707e-03 1.709769287822190490e-236
2.763385290053169997e-03 1.526683593775812569e-242
2.801866556459195207e-03 1.014068809629566560e-248
2.840883690183303948e-03 4.982995492685554015e-255
2.880444153396298067e-03 1.801250609341638483e-261
2.920555512182745027e-03 4.762463154340719149e-268
2.961225437988034351e-03 9.156571262686847086e-275
3.002461709085549064e-03 1.272634663181461691e-281
3.044272212064302961e-03 1.270940692456152407e-288
3.086664943337274428e-03 9.064273274442891728e-296
3.129648010670750373e-03 4.587922290653356387e-303
3.173229634734976452e-03 1.637632991474200600e-310
3.217418150676371654e-03 4.096229100479357323e-318
3.262222009711669788e-03 0.000000000000000000e+00
3.307649780744242440e-03 0.000000000000000000e+00
3.353710152002928671e-03 0.000000000000000000e+00
3.400411932703706255e-03 0.000000000000000000e+00
3.447764054734464220e-03 0.000000000000000000e+00
3.495775574363275268e-03 0.000000000000000000e+00
3.544455673970435625e-03 0.000000000000000000e+00
3.593813663804625805e-03 0.000000000000000000e+00
3.643858983763544404e-03 0.000000000000000000e+00
3.694601205199302477e-03 0.000000000000000000e+00
3.746050032748993088e-03 0.000000000000000000e+00
3.798215306190736145e-03 0.000000000000000000e+00
3.851107002325568872e-03 0.000000000000000000e+00
3.904735236885560103e-03 0.000000000000000000e+00
3.959110266468458469e-03 0.000000000000000000e+00
4.014242490499322046e-03 0.000000000000000000e+00
4.070142453219439092e-03 0.000000000000000000e+00
4.126820845702951907e-03 0.000000000000000000e+00
4.184288507901580585e-03 0.000000000000000000e+00
4.242556430717777174e-03 0.000000000000000000e+00
4.301635758106795056e-03 0.000000000000000000e+00
4.361537789208005771e-03 0.000000000000000000e+00
4.422273980505896963e-03 0.000000000000000000e+00
4.483855948021185991e-03 0.000000000000000000e+00
4.546295469532399616e-03 0.000000000000000000e+00
4.609604486828434121e-03 0.000000000000000000e+00
4.673795107992463616e-03 0.000000000000000000e+00
4.738879609717651029e-03 0.000000000000000000e+00
4.804870439655129291e-03 0.000000000000000000e+00
4.871780218794630885e-03 0.000000000000000000e+00
4.939621743878320863e-03 0.000000000000000000e+00
5.008407989848212387e-03 0.000000000000000000e+00
5.078152112327670442e-03 0.000000000000000000e+00
5.148867450137492065e-03 0.000000000000000000e+00
5.220567527846975073e-03 0.000000000000000000e+00
5.293266058360561639e-03 0.000000000000000000e+00
5.366976945540476510e-03 0.000000000000000000e+00
5.441714286865893292e-03 0.000000000000000000e+00
5.517492376129123216e-03 0.000000000000000000e+00
5.594325706169377133e-03 0.000000000000000000e+00
5.672228971644543115e-03 0.000000000000000000e+00
5.751217071841613696e-03 0.000000000000000000e+00
5.831305113526225048e-03 0.000000000000000000e+00
5.912508413831875365e-03 0.000000000000000000e+00
5.994842503189408769e-03 0.000000000000000000e+00
6.078323128297229670e-03 0.000000000000000000e+00
6.162966255132942307e-03 0.000000000000000000e+00
6.248788072006894283e-03 0.000000000000000000e+00
6.335804992658247703e-03 0.000000000000000000e+00
6.424033659394191159e-03 0.000000000000000000e+00
6.513490946272802555e-03 0.000000000000000000e+00
6.604193962330305243e-03 0.000000000000000000e+00
6.696160054853222271e-03 0.000000000000000000e+00
6.789406812696105291e-03 0.000000000000000000e+00
6.883952069645496441e-03 0.000000000000000000e+00
6.979813907830660115e-03 0.000000000000000000e+00
7.077010661181889518e-03 0.000000000000000000e+00
7.175560918936928385e-03 0.000000000000000000e+00
7.275483529196225159e-03 0.000000000000000000e+00
7.376797602527730875e-03 0.000000000000000000e+00
7.479522515621821015e-03 0.000000000000000000e+00
7.583677914997190468e-03 0.000000000000000000e+00
7.689283720758313158e-03 0.000000000000000000e+00
7.796360130405228725e-03 0.000000000000000000e+00
7.904927622696419562e-03 0.000000000000000000e+00
8.015006961565405291e-03 0.000000000000000000e+00
8.126619200091946341e-03 0.000000000000000000e+00
8.239785684528520143e-03 0.000000000000000000e+00
8.354528058382862735e-03 0.000000000000000000e+00
8.470868266557402340e-03 0.000000000000000000e+00
8.588828559546249353e-03 0.000000000000000000e+00
8.708431497690724554e-03 0.000000000000000000e+00
8.829699955494091715e-03 0.000000000000000000e+00
8.952657125996391421e-03 0.000000000000000000e+00
9.077326525210224414e-03 0.000000000000000000e+00
9.203731996618221695e-03 0.000000000000000000e+00
9.331897715733238757e-03 0.000000000000000000e+00
9.461848194722002545e-03 0.000000000000000000e+00
9.593608287093146128e-03 0.000000000000000000e+00
9.727203192450536648e-03 0.000000000000000000e+00
9.862658461312821118e-03 0.000000000000000000e+00
1.000000000000000021e-02 0.000000000000000000e+00
1.013925407558814371e-02 0.000000000000000000e+00
1.028044732093309765e-02 0.000000000000000000e+00
1.042360673976401239e-02 0.000000000000000000e+00
1.056875971184804974e-02 0.000000000000000000e+00
1.071593399822671176e-02 0.000000000000000000e+00
1.086515774652537306e-02 0.000000000000000000e+00
1.101645949633657008e-02 0.000000000000000000e+00
1.116986818467822530e-02 0.000000000000000000e+00
1.132541315152812630e-02 0.000000000000000000e+00
1.148312414543511094e-02 0.000000000000000000e+00
1.164303132920875561e-02 0.000000000000000000e+00
1.180516528568805595e-02 0.000000000000000000e+00
1.196955702359042868e-02 0.000000000000000000e+00
1.213623798344241715e-02 0.000000000000000000e+00
1.230524004359261590e-02 0.000000000000000000e+00
1.247659552630868418e-02 0.000000000000000000e+00
1.265033720395903824e-02 0.000000000000000000e+00
1.282649830528059809e-02 0.000000000000000000e+00
1.300511252173409786e-02 0.000000000000000000e+00
1.318621401394748545e-02 0.000000000000000000e+00
1.336983741824945317e-02 0.000000000000000000e+00
1.355601785329368925e-02 0.000000000000000000e+00
1.374479092677536630e-02 0.000000000000000000e+00
1.393619274224143501e-02 0.000000000000000000e+00
1.413025990599533696e-02 0.000000000000000000e+00
1.432702953409829491e-02 0.000000000000000000e+00
1.452653925946781159e-02 0.000000000000000000e+00
1.472882723907501835e-02 0.000000000000000000e+00
1.493393216124253367e-02 0.000000000000000000e+00
1.514189325304352018e-02 0.000000000000000000e+00
1.535275028780421110e-02 0.000000000000000000e+00
1.556654359271062056e-02 0.000000000000000000e+00
1.578331405652116590e-02 0.000000000000000000e+00
1.600310313738701612e-02 0.000000000000000000e+00
1.622595287078087284e-02 0.000000000000000000e+00
1.645190587753660866e-02 0.000000000000000000e+00
1.668100537200059227e-02 0.000000000000000000e+00
1.691329517029646970e-02 0.000000000000000000e+00
1.714881969870540868e-02 0.000000000000000000e+00
1.738762400216250364e-02 0.000000000000000000e+00
1.762975375287204050e-02 0.000000000000000000e+00
1.787525525904235316e-02 0.000000000000000000e+00
1.812417547374235716e-02 0.000000000000000000e+00
1.837656200388172387e-02 0.000000000000000000e+00
1.863246311931559748e-02 0.000000000000000000e+00
1.889192776207664418e-02 0.000000000000000000e+00
1.915500555573527997e-02 0.000000000000000000e+00
1.942174681489024571e-02 0.000000000000000000e+00
1.969220255479173579e-02 0.000000000000000000e+00
1.996642450109793396e-02 0.000000000000000000e+00
2.024446509976801645e-02 0.000000000000000000e+00
2.052637752709252084e-02 0.000000000000000000e+00
2.081221569986337061e-02 0.000000000000000000e+00
2.110203428568596662e-02 0.000000000000000000e+00
2.139588871343421628e-02 0.000000000000000000e+00
2.169383518385182077e-02 0.000000000000000000e+00
2.199593068030074663e-02 0.000000000000000000e+00
2.230223297965936227e-02 0.000000000000000000e+00
2.261280066337279654e-02 0.000000000000000000e+00
2.292769312865648723e-02 0.000000000000000000e+00
2.324697059985650349e-02 0.000000000000000000e+00
2.357069413996727703e-02 0.000000000000000000e+00
2.389892566231047871e-02 0.000000000000000000e+00
2.423172794237600514e-02 0.000000000000000000e+00
2.456916462982790261e-02 0.000000000000000000e+00
2.491130026067791062e-02 0.000000000000000000e+00
2.525820026962784584e-02 0.000000000000000000e+00
2.560993100258456695e-02 0.000000000000000000e+00
2.596655972934872394e-02 0.000000000000000000e+00
2.632815465648019951e-02 0.000000000000000000e+00
2.669478494034323648e-02 0.000000000000000000e+00
2.706652070033241375e-02 0.000000000000000000e+00
2.744343303228362688e-02 0.000000000000000000e+00
2.782559402207126012e-02 0.000000000000000000e+00
2.821307675939470697e-02 0.000000000000000000e+00
2.860595535175744844e-02 0.000000000000000000e+00
2.900430493863991738e-02 0.000000000000000000e+00
2.940820170587060689e-02 0.000000000000000000e+00
2.981772290019673449e-02 0.000000000000000000e+00
3.023294684405776478e-02 0.000000000000000000e+00
3.065395295056529829e-02 0.000000000000000000e+00
3.108082173869063797e-02 0.000000000000000000e+00
3.151363484866476217e-02 0.000000000000000000e+00
3.195247505759213347e-02 0.000000000000000000e+00
3.239742629528195167e-02 0.000000000000000000e+00
3.284857366030047299e-02 0.000000000000000000e+00
3.330600343624588733e-02 0.000000000000000000e+00
3.376980310825088150e-02 0.000000000000000000e+00
3.424006137971425529e-02 0.000000000000000000e+00
3.471686818926559420e-02 0.000000000000000000e+00
3.520031472796682215e-02 0.000000000000000000e+00
3.569049345675229939e-02 0.000000000000000000e+00
3.618749812411276717e-02 0.000000000000000000e+00
3.669142378402494298e-02 0.000000000000000000e+00
3.720236681413065932e-02 0.000000000000000000e+00
3.772042493417001457e-02 0.000000000000000000e+00
3.824569722466999305e-02 0.000000000000000000e+00
3.877828414589453571e-02 0.000000000000000000e+00
3.931828755705769896e-02 0.000000000000000000e+00
3.986581073580438422e-02 0.000000000000000000e+00
4.042095839796309986e-02 0.000000000000000000e+00
4.098383671757261509e-02 0.000000000000000000e+00
4.155455334718870936e-02 0.000000000000000000e+00
4.213321743847289053e-02 0.000000000000000000e+00
4.271993966306776580e-02 0.000000000000000000e+00
4.331483223376402653e-02 0.000000000000000000e+00
4.391800892596085804e-02 0.000000000000000000e+00
4.452958509942650522e-02 0.000000000000000000e+00
4.514967772036102001e-02 0.000000000000000000e+00
4.577840538376616586e-02 0.000000000000000000e+00
4.641588833612782239e-02 0.000000000000000000e+00
4.706224849841281199e-02 0.000000000000000000e+00
4.771760948938740671e-02 0.000000000000000000e+00
4.838209664925956915e-02 0.000000000000000000e+00
4.905583706365045787e-02 0.000000000000000000e+00
4.973895958790067878e-02 0.000000000000000000e+00
5.043159487171358646e-02 0.000000000000000000e+00
5.113387538414320560e-02 0.000000000000000000e+00
5.184593543892913187e-02 0.000000000000000000e+00
5.256791122018419221e-02 0.000000000000000000e+00
5.329994080844092930e-02 0.000000000000000000e+00
5.404216420705915125e-02 0.000000000000000000e+00
5.479472336900281099e-02 0.000000000000000000e+00
5.555776222398877556e-02 0.000000000000000000e+00
5.633142670601351543e-02 0.000000000000000000e+00
5.711586478126434718e-02 0.000000000000000000e+00
5.791122647641758214e-02 0.000000000000000000e+00
5.871766390733249713e-02 0.000000000000000000e+00
5.953533130814370189e-02 0.000000000000000000e+00
6.036438506075864074e-02 0.000000000000000000e+00
6.120498372476702864e-02 0.000000000000000000e+00
6.205728806776500406e-02 0.000000000000000000e+00
6.292146109610337323e-02 0.000000000000000000e+00
6.379766808606282535e-02 0.000000000000000000e+00
6.468607661546320331e-02 0.000000000000000000e+00
6.558685659571435178e-02 0.000000000000000000e+00
6.650018030431117944e-02 0.000000000000000000e+00
6.742622241778335745e-02 0.000000000000000000e+00
6.836516004510238831e-02 0.000000000000000000e+00
6.931717276155399676e-02 0.000000000000000000e+00
7.028244264308353140e-02 0.000000000000000000e+00
7.126115430111745752e-02 0.000000000000000000e+00
7.225349491787207146e-02 0.000000000000000000e+00
7.325965428215229502e-02 0.000000000000000000e+00
7.427982482564911282e-02 0.000000000000000000e+00
7.531420165974375691e-02 0.000000000000000000e+00
7.636298261282241373e-02 0.000000000000000000e+00
7.742636826811277739e-02 0.000000000000000000e+00
7.850456200204508628e-02 0.000000000000000000e+00
7.959777002314977201e-02 0.000000000000000000e+00
8.070620141149507931e-02 0.000000000000000000e+00
8.183006815867389927e-02 0.000000000000000000e+00
8.296958520834915585e-02 0.000000000000000000e+00
8.412497049736118726e-02 0.000000000000000000e+00
8.529644499741016739e-02 0.000000000000000000e+00
8.648423275731725868e-02 0.000000000000000000e+00
8.768856094587426653e-02 0.000000000000000000e+00
8.890965989529167612e-02 0.000000000000000000e+00
9.014776314524917955e-02 0.000000000000000000e+00
9.140310748756222403e-02 0.000000000000000000e+00
9.267593301146882789e-02 0.000000000000000000e+00
9.396648314954690606e-02 0.000000000000000000e+00
9.527500472427299916e-02 0.000000000000000000e+00
9.660174799522645850e-02 0.000000000000000000e+00
9.794696670695385299e-02 0.000000000000000000e+00
9.931091813749801100e-02 0.000000000000000000e+00
1.006938631476027024e-01 0.000000000000000000e+00
1.020960662306047567e-01 0.000000000000000000e+00
1.035177955630176283e-01 0.000000000000000000e+00
1.049593230558226592e-01 0.000000000000000000e+00
1.064209244064724669e-01 0.000000000000000000e+00
1.079028791516183639e-01 0.000000000000000000e+00
1.094054707205743548e-01 0.000000000000000000e+00
1.109289864895222771e-01 0.000000000000000000e+00
1.124737178364750845e-01 0.000000000000000000e+00
1.140399601970033122e-01 0.000000000000000000e+00
1.156280131207375328e-01 0.000000000000000000e+00
1.172381803286599716e-01 0.000000000000000000e+00
1.188707697711903349e-01 0.000000000000000000e+00
1.205260936870841404e-01 0.000000000000000000e+00
1.222044686631488658e-01 0.000000000000000000e+00
1.239062156947915577e-01 0.000000000000000000e+00
1.256316602474121524e-01 0.000000000000000000e+00
1.273811323186478384e-01 0.000000000000000000e+00
1.291549665014882775e-01 0.000000000000000000e+00
1.309535020482667789e-01 0.000000000000000000e+00
1.327770829355429116e-01 0.000000000000000000e+00
1.346260579298911020e-01 0.000000000000000000e+00
1.365007806546013891e-01 0.000000000000000000e+00
1.384016096573130183e-01 0.000000000000000000e+00
1.403289084785873109e-01 0.000000000000000000e+00
1.422830457214351862e-01 0.000000000000000000e+00
1.442643951218158804e-01 0.000000000000000000e+00
1.462733356201129931e-01 0.000000000000000000e+00
1.483102514336102906e-01 0.000000000000000000e+00
1.503755321299738434e-01 0.000000000000000000e+00
1.524695727017572888e-01 0.000000000000000000e+00
1.545927736419478449e-01 0.000000000000000000e+00
1.567455410205594868e-01 0.000000000000000000e+00
1.589282865622976271e-01 0.000000000000000000e+00
1.611414277253019889e-01 0.000000000000000000e+00
1.633853877809860466e-01 0.000000000000000000e+00
1.656605958949915192e-01 0.000000000000000000e+00
1.679674872092653259e-01 0.000000000000000000e+00
1.703065029252842644e-01 0.000000000000000000e+00
1.726780903884355955e-01 0.000000000000000000e+00
1.750827031735723294e-01 0.000000000000000000e+00
1.775208011717636092e-01 0.000000000000000000e+00
1.799928506782476345e-01 0.000000000000000000e+00
1.824993244816150439e-01 0.000000000000000000e+00
1.850407019542302245e-01 0.000000000000000000e+00
1.876174691439119468e-01 0.000000000000000000e+00
1.902301188668945875e-01 0.000000000000000000e+00
1.928791508020777645e-01 0.000000000000000000e+00
1.955650715865946965e-01 0.000000000000000000e+00
1.982883949127071388e-01 0.000000000000000000e+00
2.010496416260497132e-01 0.000000000000000000e+00
2.038493398252464173e-01 0.000000000000000000e+00
2.066880249629081956e-01 0.000000000000000000e+00
2.095662399480430760e-01 0.000000000000000000e+00
2.124845352498882789e-01 0.000000000000000000e+00
2.154434690031882260e-01 0.000000000000000000e+00
2.184436071149428449e-01 0.000000000000000000e+00
2.214855233726359396e-01 0.000000000000000000e+00
2.245697995539771563e-01 0.000000000000000000e+00
2.276970255381680075e-01 0.000000000000000000e+00
2.308677994187167404e-01 0.000000000000000000e+00
2.340827276178294447e-01 0.000000000000000000e+00
2.373424250023866144e-01 0.000000000000000000e+00
2.406475150015421616e-01 0.000000000000000000e+00
2.439986297259550130e-01 0.000000000000000000e+00
2.473964100886811568e-01 0.000000000000000000e+00
2.508415059277541159e-01 0.000000000000000000e+00
2.543345761304648400e-01 0.000000000000000000e+00
2.578762887593803455e-01 0.000000000000000000e+00
2.614673211801092356e-01 0.000000000000000000e+00
2.651083601908535980e-01 0.000000000000000000e+00
2.688001021537607671e-01 0.000000000000000000e+00
2.725432531281027915e-01 0.000000000000000000e+00
2.763385290053172461e-01 0.000000000000000000e+00
2.801866556459195468e-01 0.000000000000000000e+00
2.840883690183301225e-01 0.000000000000000000e+00
2.880444153396297668e-01 0.000000000000000000e+00
2.920555512182745339e-01 0.000000000000000000e+00
2.961225437988037612e-01 0.000000000000000000e+00
3.002461709085549324e-01 0.000000000000000000e+00
3.044272212064299543e-01 0.000000000000000000e+00
3.086664943337274480e-01 0.000000000000000000e+00
3.129648010670750269e-01 0.000000000000000000e+00
3.173229634734979765e-01 0.000000000000000000e+00
3.217418150676371602e-01 0.000000000000000000e+00
3.262222009711666648e-01 0.000000000000000000e+00
3.307649780744242318e-01 0.000000000000000000e+00
3.353710152002928879e-01 0.000000000000000000e+00
3.400411932703709672e-01 0.000000000000000000e+00
3.447764054734464012e-01 0.000000000000000000e+00
3.495775574363271798e-01 0.000000000000000000e+00
3.544455673970435816e-01 0.000000000000000000e+00
3.593813663804625858e-01 0.000000000000000000e+00
3.643858983763548220e-01 0.000000000000000000e+00
3.694601205199302685e-01 0.000000000000000000e+00
3.746050032748989289e-01 0.000000000000000000e+00
3.798215306190736440e-01 0.000000000000000000e+00
3.851107002325568907e-01 0.000000000000000000e+00
3.904735236885564231e-01 0.000000000000000000e+00
3.959110266468458539e-01 0.000000000000000000e+00
4.014242490499317917e-01 0.000000000000000000e+00
4.070142453219439127e-01 0.000000000000000000e+00
4.126820845702952045e-01 0.000000000000000000e+00
4.184288507901584575e-01 0.000000000000000000e+00
4.242556430717777105e-01 0.000000000000000000e+00
4.301635758106790441e-01 0.000000000000000000e+00
4.361537789208005944e-01 0.000000000000000000e+00
4.422273980505896929e-01 0.000000000000000000e+00
4.483855948021190918e-01 0.000000000000000000e+00
4.546295469532399269e-01 0.000000000000000000e+00
4.609604486828429160e-01 0.000000000000000000e+00
4.673795107992463338e-01 0.000000000000000000e+00
4.738879609717651098e-01 0.000000000000000000e+00
4.804870439655133940e-01 0.000000000000000000e+00
4.871780218794630746e-01 0.000000000000000000e+00
4.939621743878315763e-01 0.000000000000000000e+00
5.008407989848212560e-01 0.000000000000000000e+00
5.078152112327670720e-01 0.000000000000000000e+00
5.148867450137497581e-01 0.000000000000000000e+00
5.220567527846975420e-01 0.000000000000000000e+00
5.293266058360556192e-01 0.000000000000000000e+00
5.366976945540475885e-01 0.000000000000000000e+00
5.441714286865887429e-01 0.000000000000000000e+00
5.517492376129128351e-01 0.000000000000000000e+00
5.594325706169377410e-01 0.000000000000000000e+00
5.672228971644537321e-01 0.000000000000000000e+00
5.751217071841613349e-01 0.000000000000000000e+00
5.831305113526218387e-01 0.000000000000000000e+00
5.912508413831881748e-01 0.000000000000000000e+00
5.994842503189409255e-01 0.000000000000000000e+00
6.078323128297223876e-01 0.000000000000000000e+00
6.162966255132942273e-01 0.000000000000000000e+00
6.248788072006887795e-01 0.000000000000000000e+00
6.335804992658253809e-01 0.000000000000000000e+00
6.424033659394190465e-01 0.000000000000000000e+00
6.513490946272796345e-01 0.000000000000000000e+00
6.604193962330304757e-01 0.000000000000000000e+00
6.696160054853215193e-01 0.000000000000000000e+00
6.789406812696112681e-01 0.000000000000000000e+00
6.883952069645495886e-01 0.000000000000000000e+00
6.979813907830653141e-01 0.000000000000000000e+00
7.077010661181889484e-01 0.000000000000000000e+00
7.175560918936920718e-01 0.000000000000000000e+00
7.275483529196232757e-01 0.000000000000000000e+00
7.376797602527730424e-01 0.000000000000000000e+00
7.479522515621813694e-01 0.000000000000000000e+00
7.583677914997191127e-01 0.000000000000000000e+00
7.689283720758305352e-01 0.000000000000000000e+00
7.796360130405236566e-01 0.000000000000000000e+00
7.904927622696420464e-01 0.000000000000000000e+00
8.015006961565412924e-01 0.000000000000000000e+00
8.126619200091945716e-01 0.000000000000000000e+00
8.239785684528511123e-01 0.000000000000000000e+00
8.354528058382871825e-01 0.000000000000000000e+00
8.470868266557401993e-01 0.000000000000000000e+00
8.588828559546258790e-01 0.000000000000000000e+00
8.708431497690723999e-01 0.000000000000000000e+00
8.829699955494082486e-01 0.000000000000000000e+00
8.952657125996400511e-01 0.000000000000000000e+00
9.077326525210223096e-01 0.000000000000000000e+00
9.203731996618230715e-01 0.000000000000000000e+00
9.331897715733238341e-01 0.000000000000000000e+00
9.461848194721992344e-01 0.000000000000000000e+00
9.593608287093147169e-01 0.000000000000000000e+00
9.727203192450537550e-01 0.000000000000000000e+00
9.862658461312830971e-01 0.000000000000000000e+00
1.000000000000000000e+00 0.000000000000000000e+00
