# Posterior distribution for f, given N merger events. PBH Mass: 0.5 M_sun
# Columns: f, P(f|N=1), P(f|N=10), P(f|N=100)
9.999999999999999547e-07 5.903064147927396821e-06 1.036676021202365041e-79 0.000000000000000000e+00
1.071891319205128528e-06 6.782330713751922348e-06 4.155830943878806953e-79 0.000000000000000000e+00
1.148951000187308475e-06 7.792564738273197276e-06 1.665991083186497988e-78 0.000000000000000000e+00
1.231550603292826123e-06 8.953273913607425141e-06 6.678631049453703472e-78 0.000000000000000000e+00
1.320088400831416760e-06 1.028687161206079714e-05 2.677331881819486926e-77 0.000000000000000000e+00
1.414991297434575852e-06 1.181910968765106186e-05 1.073289654422787263e-76 0.000000000000000000e+00
1.516716888470924146e-06 1.357957574324349419e-05 4.302606717456879327e-76 0.000000000000000000e+00
1.625755666443793459e-06 1.560226466348136451e-05 1.724830133616754209e-75 0.000000000000000000e+00
1.742633386009650705e-06 1.792623428659524527e-05 6.914503183172420756e-75 0.000000000000000000e+00
1.867913599020780929e-06 2.059636071914206710e-05 2.771887490454935295e-74 0.000000000000000000e+00
2.002200371815584564e-06 2.366420417298824842e-05 1.111194750713983550e-73 0.000000000000000000e+00
2.146141197858405979e-06 2.718900475827469676e-05 4.454559107454673465e-73 0.000000000000000000e+00
2.300430119772916844e-06 3.123882640026674832e-05 1.785744124658298514e-72 0.000000000000000000e+00
2.465811075822603893e-06 3.589187114079005740e-05 7.158692200877577859e-72 0.000000000000000000e+00
2.643081486974102836e-06 4.123798920243765276e-05 2.869776675815965398e-71 0.000000000000000000e+00
2.833096101839324281e-06 4.738041397362757789e-05 1.150435995140100425e-70 0.000000000000000000e+00
3.036771118035460538e-06 5.443775541545179775e-05 4.611866905365334160e-70 0.000000000000000000e+00
3.255088599835056550e-06 6.254629038093231959e-05 1.848804580057935606e-69 0.000000000000000000e+00
3.489101213406773843e-06 7.186259407006497532e-05 7.411484166726213560e-69 0.000000000000000000e+00
3.739937302478793814e-06 8.256656343063047501e-05 2.971113824743035025e-68 0.000000000000000000e+00
4.008806328898464506e-06 9.486489088222392683e-05 1.191059115088534425e-67 0.000000000000000000e+00
4.297004704320844031e-06 1.089950554354439914e-04 4.774712858550597732e-67 0.000000000000000000e+00
4.605922041145103558e-06 1.252299082674829831e-04 1.914084510281737498e-66 0.000000000000000000e+00
4.937047852839003774e-06 1.438829412921877656e-04 7.673170663029657397e-66 0.000000000000000000e+00
5.291978735958436362e-06 1.653143404486398570e-04 3.076015339011674661e-65 0.000000000000000000e+00
5.672426068491977286e-06 1.899379405817148037e-04 1.233110557584546868e-64 0.000000000000000000e+00
6.080224261649427418e-06 2.182292161933689395e-04 4.943282205083896474e-64 0.000000000000000000e+00
6.517339604882419798e-06 2.507344623402740454e-04 1.981657747726645137e-63 0.000000000000000000e+00
6.985879746785248997e-06 2.880813429276556548e-04 7.944045775417086398e-63 0.000000000000000000e+00
7.488103857590030710e-06 3.309910100439679794e-04 3.184598268551861129e-62 0.000000000000000000e+00
8.026433522257174640e-06 3.802920283052589720e-04 1.276636869775927396e-61 0.000000000000000000e+00
8.603464416684508890e-06 4.369363730166449895e-04 5.117759865876993890e-61 0.000000000000000000e+00
9.221978823334321272e-06 5.020178109825567184e-04 2.051597674034102463e-60 0.000000000000000000e+00
9.884959046625586455e-06 5.767930187791688989e-04 8.224400323539441503e-60 0.000000000000000000e+00
1.059560179277614854e-05 6.627058461271341560e-04 3.296977695583648172e-59 0.000000000000000000e+00
1.135733358343105172e-05 7.614151926886397704e-04 1.321683512546886820e-58 0.000000000000000000e+00
1.217382727739661976e-05 8.748270363278109899e-04 5.298325062244853581e-58 0.000000000000000000e+00
1.304901978014401602e-05 1.005131230960116303e-03 2.123974777265233816e-57 0.000000000000000000e+00
1.398713102647238687e-05 1.154843784115485881e-03 8.514510769781733776e-57 0.000000000000000000e+00
1.499268432786047117e-05 1.326855430019950035e-03 3.413261696600749924e-56 0.000000000000000000e+00
1.607052818261638468e-05 1.524487435394299975e-03 1.368292571049225494e-55 0.000000000000000000e+00
1.722585965398787565e-05 1.751555714605865059e-03 5.485140906794495549e-55 0.000000000000000000e+00
1.846424942895542385e-05 2.012444490967516594e-03 2.198851917109762657e-54 0.000000000000000000e+00
1.979166867853557454e-05 2.312190924928893884e-03 8.814617671676757746e-54 0.000000000000000000e+00
2.121451784910627868e-05 2.656582341170553828e-03 3.533541531492146035e-53 0.000000000000000000e+00
2.273965752357927516e-05 3.052267929237053624e-03 1.416498285526218693e-52 0.000000000000000000e+00
2.437444150122221616e-05 3.506887070965285930e-03 5.678334035091030061e-52 0.000000000000000000e+00
2.612675225563326344e-05 4.029216767896776075e-03 2.276275037603576072e-51 0.000000000000000000e+00
2.800503894183631128e-05 4.629341009201908691e-03 9.124883315394832990e-51 0.000000000000000000e+00
3.001835813575592089e-05 5.318845342373948633e-03 3.657872308172105764e-50 0.000000000000000000e+00
3.217641750250735676e-05 6.111040393070232488e-03 1.466318223106761527e-49 0.000000000000000000e+00
3.448962260405759859e-05 7.021218636147089943e-03 5.877954280498878357e-49 0.000000000000000000e+00
3.696912707195024335e-05 8.066949357634321804e-03 2.356254740045315925e-48 0.000000000000000000e+00
3.962688638701478144e-05 9.268417479113099169e-03 9.445307477999700348e-48 0.000000000000000000e+00
4.247571552536893796e-05 1.064881275539070887e-02 3.786234459686615024e-47 0.000000000000000000e+00
4.552935074866947907e-05 1.223477681916449421e-02 1.517735654590261057e-46 0.000000000000000000e+00
4.880251583654433487e-05 1.405691665035876427e-02 6.083894025479058457e-46 0.000000000000000000e+00
5.231099308056257952e-05 1.615039431336756301e-02 2.438729364225359214e-45 0.000000000000000000e+00
5.607169938205458130e-05 1.855560425567093913e-02 9.775558373179997625e-45 0.000000000000000000e+00
6.010276782070387642e-05 2.131895112251989272e-02 3.918456311348396653e-44 0.000000000000000000e+00
6.442363508721369713e-05 2.449374294446743025e-02 1.570664078344997051e-43 0.000000000000000000e+00
6.905513520162330260e-05 2.814121673122578493e-02 6.295725628510688620e-43 0.000000000000000000e+00
7.401959996915637120e-05 3.233171599481256264e-02 2.523490471630574708e-42 0.000000000000000000e+00
7.934096665797492082e-05 3.714604257022556533e-02 1.011463103160831258e-41 0.000000000000000000e+00
8.504489341802668747e-05 4.267700835111776225e-02 4.054057440030659049e-41 0.000000000000000000e+00
9.115888299750818402e-05 4.903121626511624392e-02 1.624875386455799290e-40 0.000000000000000000e+00
9.771241535346501675e-05 5.633110403846680603e-02 6.512371961914202163e-40 0.000000000000000000e+00
1.047370897959449686e-04 6.471728910887265818e-02 2.610031725283376100e-39 0.000000000000000000e+00
1.122667773510813578e-04 7.435125851151028198e-02 1.046015408655078443e-38 0.000000000000000000e+00
1.203377840777589337e-04 8.541845376529723366e-02 4.191930673447476353e-38 0.000000000000000000e+00
1.289890261253308021e-04 9.813180780953448257e-02 1.679853986624492616e-37 0.000000000000000000e+00
1.382622173764654864e-04 1.127357989748991873e-01 6.731437238783138341e-37 0.000000000000000000e+00
1.482020705798858503e-04 1.295110959104800730e-01 2.697241947464209657e-36 0.000000000000000000e+00
1.588565129428052810e-04 1.487798774237777677e-01 1.080698201985907734e-35 0.000000000000000000e+00
1.702769172225899476e-04 1.709119224133846537e-01 4.329696542033283379e-35 0.000000000000000000e+00
1.825183494319042592e-04 1.963315775650921469e-01 1.734500837431086375e-34 0.000000000000000000e+00
1.956398343517062703e-04 2.255257243043922721e-01 6.947850462704180506e-34 0.000000000000000000e+00
2.097046401323232709e-04 2.590528816849653748e-01 2.782783552163408765e-33 0.000000000000000000e+00
2.247805833548725178e-04 2.975535984314616744e-01 1.114434830555914227e-32 0.000000000000000000e+00
2.409403560239524325e-04 3.417623051656279443e-01 4.462400017437667510e-32 0.000000000000000000e+00
2.582618760682674902e-04 3.925208167502303169e-01 1.786537175157339598e-31 0.000000000000000000e+00
2.768286630392063972e-04 4.507936943710570410e-01 7.151139215574765918e-31 0.000000000000000000e+00
2.967302408188869536e-04 5.176856969405977393e-01 2.861847111200956669e-30 0.000000000000000000e+00
3.180625692794118915e-04 5.944615708869525061e-01 1.145018125351942444e-29 0.000000000000000000e+00
3.409285069746810937e-04 6.825684452812201819e-01 4.579919177794819935e-29 0.000000000000000000e+00
3.654383070957254701e-04 7.836611139874539722e-01 1.831324711230887529e-28 0.000000000000000000e+00
3.917101490809256391e-04 8.996304959157699344e-01 7.320066437369497241e-28 0.000000000000000000e+00
4.198707084443910179e-04 1.032635565553220891e+00 2.924717706230703022e-27 0.000000000000000000e+00
4.500557675700497698e-04 1.185139034748019293e+00 1.168008428522845728e-26 0.000000000000000000e+00
4.824108704165368721e-04 1.359947037936767744e+00 4.661987782928122176e-26 0.000000000000000000e+00
5.170920242896755517e-04 1.560253019692476650e+00 1.859623974290044017e-25 5.013728767432385806e-319
5.542664520663101490e-04 1.789685936653056864e+00 7.412569539112098115e-25 4.437602551767433220e-313
5.941133984965033281e-04 2.052362754088925989e+00 2.952277862659237127e-24 4.555176301411608665e-307
6.368249944718586218e-04 2.352945026125678574e+00 1.174733220766556245e-23 4.647142905156077302e-301
6.826071834272385728e-04 2.696699080018984507e+00 4.669348924972798548e-23 4.707690394368915063e-295
7.316807143427192690e-04 3.089558957049784116e+00 1.853709534601301995e-22 4.730789188837768945e-289
7.842822061337682274e-04 3.538190769592606255e+00 7.348846282497062444e-22 4.710475767873926719e-283
8.406652885618325121e-04 4.050056485678814155e+00 2.908720608700399832e-21 4.641238375043684865e-277
9.011018251665018231e-04 4.633474315573941738e+00 1.149189061000463555e-20 4.518510012254004985e-271
9.658832241158698054e-04 5.297671814514001376e+00 4.530804960294052240e-20 4.339256647136824571e-265
1.035321843295661671e-03 6.052826498362761320e+00 1.782076290363987912e-19 4.102625856332784468e-259
1.109752496412072130e-03 6.910087168029830806e+00 6.990366405888807699e-19 3.810591503399961346e-253
1.189534067370319513e-03 7.881567242761440717e+00 2.733588249314311736e-18 3.468496628835031571e-247
1.275051240713012809e-03 8.980299228070574458e+00 1.065225582963989754e-17 3.085366505090004956e-241
1.366716356462005988e-03 1.022013705167874598e+01 4.134453224672616164e-17 2.673848272966735535e-235
1.464971398307284749e-03 1.161559051743706306e+01 1.597459535000401247e-16 2.249647723413161535e-229
1.570290124729377445e-03 1.318157377310436473e+01 6.140681323905500638e-16 1.830392297260174603e-223
1.683180353330956556e-03 1.493304780638120555e+01 2.346863913480095110e-15 1.433959265076370571e-217
1.804186409392071833e-03 1.688453606867899381e+01 8.910902365347022347e-15 1.076458917570364019e-211
1.933891750455230159e-03 1.904949303990729348e+01 3.358627728601629506e-14 7.702185992767368783e-206
2.072921779595369735e-03 2.143950871453360918e+01 1.255501319465263193e-13 5.222143473519982290e-200
2.221946860939523916e-03 2.406333854997964750e+01 4.650076861032123695e-13 3.333758691122411260e-194
2.381685551976158062e-03 2.692575930702510334e+01 1.704617271555166255e-12 1.990090811024470260e-188
2.552908068239516468e-03 3.002626722926048686e+01 6.177572728462446634e-12 1.102669216570640461e-182
2.736439997074669155e-03 3.335765634883396302e+01 2.210546052201297740e-11 5.626308810173850326e-177
2.933166278390042427e-03 3.690454098471537492e+01 7.800232088868477112e-11 2.621777317930652134e-171
3.144035471591500111e-03 4.064191586071228102e+01 2.710507981445413001e-10 1.106111484942976980e-165
3.370064329271928172e-03 4.453387663701970212e+01 9.262264643426099808e-10 4.187573216431181991e-160
3.612342699709430310e-03 4.853264834049596743e+01 3.108003006288073311e-09 1.409815201672424564e-154
3.872038781812553020e-03 5.257808349963546846e+01 1.022615719006463162e-08 4.182954173321646777e-149
4.150404757850472380e-03 5.659778990779329177e+01 3.294451860352389886e-08 1.084148532755583384e-143
4.448782831127585241e-03 6.050802531687827468e+01 1.037719390192268817e-07 2.433858037208630756e-138
4.768611697714469390e-03 6.421545138555593724e+01 3.191627966861785700e-07 4.695095795184647866e-133
5.111433483440165799e-03 6.761977446824805327e+01 9.572417245072878941e-07 7.726327869633526126e-128
5.478901179593939109e-03 7.061722348511364089e+01 2.796333202018919932e-06 1.077634654583264853e-122
5.872786613189477124e-03 7.310473577507644904e+01 7.947673710301200549e-06 1.266856931235060230e-117
6.294988990221887619e-03 7.498465207603059923e+01 2.195577899759503627e-05 1.249544113447644046e-112
6.747544053110693212e-03 7.616967086561170674e+01 5.890303553175359360e-05 1.030337083711660195e-107
7.232633896483533706e-03 7.658778438148684131e+01 1.533468303254553972e-04 7.083551375745193247e-103
7.752597488629456302e-03 7.618691165108995733e+01 3.871413934532405001e-04 4.052914627104338112e-98
8.309941949353387078e-03 7.493895082427344789e+01 9.472519595022841320e-04 1.927632737033878799e-93
8.907354638610439843e-03 7.284298559592588163e+01 2.245077903118247991e-03 7.616035354095697313e-89
9.547716114208055702e-03 6.992739298861052077e+01 5.151720479849814655e-03 2.498638678880433700e-84
1.023411402105452693e-02 6.625061306129013872e+01 1.143982908196542435e-02 6.804223387196309869e-80
1.096985797892384082e-02 6.190036355536470580e+01 2.457096047449492879e-02 1.537034155019973717e-75
1.175849554052155709e-02 5.699112807335735198e+01 5.101971684317007510e-02 2.876971910237951845e-71
1.260382929679727468e-02 5.165983021169662237e+01 1.023593728760596733e-01 4.453820605618196481e-67
1.350993521198025175e-02 4.605973828486351351e+01 1.983024784736785728e-01 5.686576379579923881e-63
1.448118227674533021e-02 4.035282510529386002e+01 3.707234338315540390e-01 5.964147950730597343e-59
1.552225357427047987e-02 3.470101889481431101e+01 6.683047313613973417e-01 5.110655511039407855e-55
1.663816886076127308e-02 2.925699321804046349e+01 1.160787493340442067e+00 3.553012642310536322e-51
1.783430876931909465e-02 2.415531230005056784e+01 1.940911638070305756e+00 1.986563772717444570e-47
1.911644075385699609e-02 1.950482617542622421e+01 3.121232423198936790e+00 8.837849793812862425e-44
2.049074689815846145e-02 1.538315929532293325e+01 4.822579707823366313e+00 3.088663917279300664e-40
2.196385372416546911e-02 1.183393944069791992e+01 7.151663055011338699e+00 8.352896627743601965e-37
2.354286414322415491e-02 8.867085437322172581e+00 1.016784543421484877e+01 1.717763378094709986e-33
2.523539170434765944e-02 6.462060945440960325e+00 1.384352496709070302e+01 2.633045258691499907e-30
2.704959730463131484e-02 4.573583300191641499e+00 1.802796582432292638e+01 2.940794349305226588e-27
2.899422853882875281e-02 3.138937758611966000e+00 2.242866670100046633e+01 2.332983211535325051e-24
3.107866187782013997e-02 2.085861328239156709e+00 2.662455342171258010e+01 1.277882032278435694e-21
3.331294787934670210e-02 1.339967027242560782e+00 3.011915256544508424e+01 4.684642987941742891e-19
3.570785964900462933e-02 8.308712407821240431e-01 3.242953798899779372e+01 1.111311181983527383e-16
3.827494478516307169e-02 4.965090661265253447e-01 3.319185874031528982e+01 1.646325908013902272e-14
4.102658105827190066e-02 2.854943193213432262e-01 3.225312414231532188e+01 1.469261782239498006e-12
4.397603609302721400e-02 1.577138050071573705e-01 2.971812648508138466e+01 7.642354891813235116e-11
4.713753134116719506e-02 8.357435796864293165e-02 2.593257889591994925e+01 2.263905147926661865e-09
5.052631065335679711e-02 4.241723538361372170e-02 2.140506732579599714e+01 3.824489062118333204e-08
5.415871378079464837e-02 2.059357516343847047e-02 1.669222182678046096e+01 3.877276802516001190e-07
5.805225516094895954e-02 9.543127228038161478e-03 1.228365528917506921e+01 2.665706905695992687e-06
6.222570836730231120e-02 4.215266119473710937e-03 8.520330510618691733e+00 1.454990243626712811e-05
6.669919663030114687e-02 1.771985055190668235e-03 5.564305547369218452e+00 6.977374425929114353e-05
7.149428986597576585e-02 7.080162693989096529e-04 3.417536161355754665e+00 3.024267071838388941e-04
7.663410868007446142e-02 2.687017345854545726e-04 1.971954262152965098e+00 1.188581781509723658e-03
8.214343584919421570e-02 9.686129646694320518e-05 1.067845627034693434e+00 4.236525969330959783e-03
8.804883581643464796e-02 3.317485616346082416e-05 5.421344693326640707e-01 1.369592798401754290e-02
9.437878277775371694e-02 1.078638335017563877e-05 2.577889399982775664e-01 4.015999160935316420e-02
1.011637979766207007e-01 3.316094285386061758e-06 1.147004010084172188e-01 1.068142216738880712e-01
1.084365968689608717e-01 9.562966365675998814e-07 4.770968617073614165e-02 2.576943315864865247e-01
1.162322468679851811e-01 2.561343443062218786e-07 1.827673932613403662e-02 5.639274761032981864e-01
1.245883364295008178e-01 6.333026460784101074e-08 6.556539422034553255e-03 1.119393458601238622e+00
1.335451562929897418e-01 1.453994463190699696e-08 2.246467770257168199e-03 2.015481980373633242e+00
1.431458937523478470e-01 3.173264137563106576e-09 7.379490959575844399e-04 3.291583972880884446e+00
1.534368408930009975e-01 6.803223406963467634e-10 2.251670892723658880e-04 4.875872295333313566e+00
1.644676177994662813e-01 1.452021072004511510e-10 6.076699865226853998e-05 6.551056661474954801e+00
1.762914118095947891e-01 2.998707896944987265e-11 1.411239007963924548e-05 7.983099588438948402e+00
1.889652339691207661e-01 5.676599160151821030e-12 2.915194638193440179e-06 8.823116286537334929e+00
2.025501939230666404e-01 9.364385439205108471e-13 6.021434061670301701e-07 8.844061521333506093e+00
2.171117945694500950e-01 1.300156340354636030e-13 1.377854460288678515e-07 8.039888766366880546e+00
2.327202478960407328e-01 1.495252536266040981e-14 3.238806438865506496e-08 6.628367040842544355e+00
2.494508135230316670e-01 1.455059867276761678e-15 6.697207631707686111e-09 4.955775669958925711e+00
2.673841615839944175e-01 1.352443992410829987e-16 1.104106386431937891e-09 3.360133432963072764e+00
2.866067616948250185e-01 1.531475297204958365e-17 1.382947692742305112e-10 2.066014852342374031e+00
3.072112998861752931e-01 2.228460679114712832e-18 1.291989903229238041e-11 1.151955740227773584e+00
3.292971255097147942e-01 3.310718942180965540e-19 9.629646560009493980e-13 5.824495287244479957e-01
3.529707302730650254e-01 4.250540961201670546e-20 8.540414683173981749e-14 0.000000000000000000e+00
3.783462617131925221e-01 4.426532691708358300e-21 1.373434422216118609e-14 0.000000000000000000e+00
4.055460735840827891e-01 3.625186483745561149e-22 2.550111323807524028e-15 0.000000000000000000e+00
4.347013158125017651e-01 2.274452365831565697e-23 3.859730024512589866e-16 0.000000000000000000e+00
4.659525668664677434e-01 1.063480668162271146e-24 4.379278750802571915e-17 0.000000000000000000e+00
4.994505115855140120e-01 3.596285129127602164e-26 3.593211253680150686e-18 0.000000000000000000e+00
5.353566677410719343e-01 8.531871866140240689e-28 2.061246204374917469e-19 0.000000000000000000e+00
5.738441648302392561e-01 1.428289649857958368e-29 7.968436079549158186e-21 0.000000000000000000e+00
6.150985788580504154e-01 2.803103058374868052e-31 1.993750524303348871e-22 0.000000000000000000e+00
6.593188271333542128e-01 2.323825278875914276e-32 3.097400133428486140e-24 0.000000000000000000e+00
7.067181273927490848e-01 2.918069423492829322e-33 3.162057132514824015e-26 0.000000000000000000e+00
7.575250258771905054e-01 3.057714876798310318e-34 1.024369711947874152e-27 0.000000000000000000e+00
8.119844993184008874e-01 2.522813652829759780e-35 1.764720125849218658e-28 0.000000000000000000e+00
8.703591361485165656e-01 1.597398697727139070e-36 2.700013255368403541e-29 0.000000000000000000e+00
9.329304026284677143e-01 7.554561665145632218e-38 3.091075043199054289e-30 0.000000000000000000e+00
1.000000000000000000e+00 2.590117461385639431e-39 2.564649528986738115e-31 0.000000000000000000e+00
