# Posterior distribution for f, given N = 4 merger events at LIGO O3. PBH Mass: 0.5 M_sunPrior: jeffreys
# Columns: f, P(f|N)
9.999999999999999547e-07 1.637213555399375285e-29
1.071891319205128528e-06 2.853061898952696125e-29
1.148951000187308475e-06 4.971838853044914389e-29
1.231550603292826123e-06 8.664088509708278096e-29
1.320088400831416760e-06 1.509832265736851591e-28
1.414991297434575852e-06 2.631082757636055683e-28
1.516716888470924146e-06 4.585010114616155865e-28
1.625755666443793459e-06 7.989986941102892020e-28
1.742633386009650705e-06 1.392360907647408971e-27
1.867913599020780929e-06 2.426372930704025811e-27
2.002200371815584564e-06 4.228275340170666671e-27
2.146141197858405979e-06 7.368327891615980012e-27
2.300430119772916844e-06 1.284028314891791073e-26
2.465811075822603893e-06 2.237588539407540230e-26
2.643081486974102836e-06 3.899292605737251180e-26
2.833096101839324281e-06 6.795030177027716657e-26
3.036771118035460538e-06 1.184123273317435156e-25
3.255088599835056550e-06 2.063490172420359631e-25
3.489101213406773843e-06 3.595902021898539398e-25
3.739937302478793814e-06 6.266329805447827650e-25
4.008806328898464506e-06 1.091989838439356180e-24
4.297004704320844031e-06 1.902934722728507023e-24
4.605922041145103558e-06 3.316111501801778259e-24
4.937047852839003774e-06 5.778755162931270877e-24
5.291978735958436362e-06 1.007023008575513513e-23
5.672426068491977286e-06 1.754867842275784005e-23
6.080224261649427418e-06 3.058083602016019797e-23
6.517339604882419798e-06 5.329104061338388290e-23
6.985879746785248997e-06 9.286647210399664928e-23
7.488103857590030710e-06 1.618316956662455522e-22
8.026433522257174640e-06 2.820123333529534323e-22
8.603464416684508890e-06 4.914422465166754031e-22
9.221978823334321272e-06 8.564001385971796266e-22
9.884959046625586455e-06 1.492384781025869642e-21
1.059560179277614854e-05 2.600666836865456870e-21
1.135733358343105172e-05 4.531984705725303558e-21
1.217382727739661976e-05 7.897541914109801754e-21
1.304901978014401602e-05 1.376243273771748096e-20
1.398713102647238687e-05 2.398270805456030722e-20
1.499268432786047117e-05 4.179274969767710271e-20
1.607052818261638468e-05 7.282883351916777871e-20
1.722585965398787565e-05 1.269127955280982811e-19
1.846424942895542385e-05 2.211602521490943588e-19
1.979166867853557454e-05 3.853969808370766013e-19
2.121451784910627868e-05 6.715974777242803042e-19
2.273965752357927516e-05 1.170332501227209464e-18
2.437444150122221616e-05 2.039430332690163054e-18
2.612675225563326344e-05 3.553921338960377423e-18
2.800503894183631128e-05 6.193070111449753129e-18
3.001835813575592089e-05 1.079203490097999662e-17
3.217641750250735676e-05 1.880614337654438689e-17
3.448962260405759859e-05 3.277140690548956632e-17
3.696912707195024335e-05 5.710698625535628456e-17
3.962688638701478144e-05 9.951351345862362163e-17
4.247571552536893796e-05 1.734096946970759799e-16
4.552935074866947907e-05 3.021781040253443632e-16
4.880251583654433487e-05 5.265634349760317373e-16
5.231099308056257952e-05 9.175637450921243406e-16
5.607169938205458130e-05 1.598892823962807770e-15
6.010276782070387642e-05 2.786119261956020585e-15
6.442363508721369713e-05 4.854862451710514434e-15
6.905513520162330260e-05 8.459615424682092238e-15
7.401959996915637120e-05 1.474077446810133160e-14
7.934096665797492082e-05 2.568534684115990058e-14
8.504489341802668747e-05 4.475539601780010261e-14
9.115888299750818402e-05 7.798292284620383897e-14
9.771241535346501675e-05 1.358773117797021754e-13
1.047370897959449686e-04 2.367482625378395070e-13
1.122667773510813578e-04 4.124943697153076983e-13
1.203377840777589337e-04 7.186863948862219118e-13
1.289890261253308021e-04 1.252130595750874349e-12
1.382622173764654864e-04 2.181459089439846937e-12
1.482020705798858503e-04 3.800405769761943338e-12
1.588565129428052810e-04 6.620583501420478783e-12
1.702769172225899476e-04 1.153303538579960187e-11
1.825183494319042592e-04 2.008951058649113291e-11
1.956398343517062703e-04 3.499213103739601077e-11
2.097046401323232709e-04 6.094572011312168379e-11
2.247805833548725178e-04 1.061411506319370104e-10
2.409403560239524325e-04 1.848364055595075423e-10
2.582618760682674902e-04 3.218467283475945317e-10
2.768286630392063972e-04 5.603540218356041001e-10
2.967302408188869536e-04 9.754853855580670434e-10
3.180625692794118915e-04 1.697915146414381497e-09
3.409285069746810937e-04 2.954874550012350174e-09
3.654383070957254701e-04 5.141378188976192233e-09
3.917101490809256391e-04 8.943871906498963930e-09
4.198707084443910179e-04 1.555476513470802425e-08
4.500557675700497698e-04 2.704441486947165747e-08
4.824108704165368721e-04 4.700565262074487841e-08
5.170920242896755517e-04 8.166961281044751455e-08
5.542664520663101490e-04 1.418356586302039780e-07
5.941133984965033281e-04 2.462057267680353590e-07
6.368249944718586218e-04 4.271379063340931667e-07
6.826071834272385728e-04 7.405603367116688865e-07
7.316807143427192690e-04 1.283025720201298605e-06
7.842822061337682274e-04 2.220994584936872057e-06
8.406652885618325121e-04 3.841007921988888503e-06
9.011018251665018231e-04 6.635439719418622963e-06
9.658832241158698054e-04 1.144864931002586616e-05
1.035321843295661671e-03 1.972527642423538101e-05
1.109752496412072130e-03 3.393051658828680477e-05
1.189534067370319513e-03 5.825851706837347984e-05
1.275051240713012809e-03 9.982070328024566120e-05
1.366716356462005988e-03 1.706283066208871889e-04
1.464971398307284749e-03 2.908793174415812859e-04
1.570290124729377445e-03 4.943695258453572033e-04
1.683180353330956556e-03 8.373284869075940271e-04
1.804186409392071833e-03 1.412716031830920120e-03
1.933891750455230159e-03 2.373113198932927034e-03
2.072921779595369735e-03 3.966941374578586768e-03
2.221946860939523916e-03 6.594973341082641799e-03
2.381685551976158062e-03 1.089735371757594509e-02
2.552908068239516468e-03 1.788480456435892485e-02
2.736439997074669155e-03 2.913326519272850176e-02
2.933166278390042427e-03 4.706571920060186043e-02
3.144035471591500111e-03 7.535015155173094281e-02
3.370064329271928172e-03 1.194451506052386092e-01
3.612342699709430310e-03 1.873227613162107286e-01
3.872038781812553020e-03 2.903881504089874110e-01
4.150404757850472380e-03 4.445933166361331623e-01
4.448782831127585241e-03 6.717033716302948099e-01
4.768611697714469390e-03 1.000616042197116862e+00
5.111433483440165799e-03 1.468558365885690220e+00
5.478901179593939109e-03 2.121894180297641430e+00
5.872786613189477124e-03 3.016184023900874589e+00
6.294988990221887619e-03 4.215064518861405318e+00
6.747544053110693212e-03 5.787483434881178113e+00
7.232633896483533706e-03 7.802870119300783891e+00
7.752597488629456302e-03 1.032396996389547716e+01
8.309941949353387078e-03 1.339735098219350640e+01
8.907354638610439843e-03 1.704200979293000273e+01
9.547716114208055702e-03 2.123704536869001913e+01
1.023411402105452693e-02 2.590997369243914150e+01
1.096985797892384082e-02 3.092781710734257317e+01
1.175849554052155709e-02 3.609346140869426023e+01
1.260382929679727468e-02 4.114974344383742277e+01
1.350993521198025175e-02 4.579313564899149469e+01
1.448118227674533021e-02 4.969763240380297731e+01
1.552225357427047987e-02 5.254757031861564087e+01
1.663816886076127308e-02 5.407589695181040668e+01
1.783430876931909465e-02 5.410232572804455486e+01
1.911644075385699609e-02 5.256450735583251799e+01
2.049074689815846145e-02 4.953541202525894960e+01
2.196385372416546911e-02 4.522189989082399109e+01
2.354286414322415491e-02 3.994284276340228956e+01
2.523539170434765944e-02 3.408947498768766593e+01
2.704959730463131484e-02 2.807477927610152335e+01
2.899422853882875281e-02 2.228141554706242644e+01
3.107866187782013997e-02 1.701805976345152871e+01
3.331294787934670210e-02 1.249182219121140314e+01
3.570785964900462933e-02 8.800293343565446236e+00
3.827494478516307169e-02 5.942002289848748120e+00
4.102658105827190066e-02 3.840121801200373941e+00
4.397603609302721400e-02 2.372199142613370615e+00
4.713753134116719506e-02 1.398863881617071980e+00
5.052631065335679711e-02 7.864123359347781062e-01
5.415871378079464837e-02 4.209372467868333634e-01
5.805225516094895954e-02 2.142538148098864503e-01
6.222570836730231120e-02 1.035731260626539529e-01
6.669919663030114687e-02 4.749500391750587081e-02
7.149428986597576585e-02 1.958943000929212405e-02
7.663410868007446142e-02 8.265847712914413045e-03
8.214343584919421570e-02 3.391112677737665414e-03
8.804883581643464796e-02 1.331592144465502644e-03
9.437878277775371694e-02 4.869935964051310827e-04
1.011637979766207007e-01 1.610822119759754015e-04
1.084365968689608717e-01 4.704097447210944729e-05
1.162322468679851811e-01 1.196002344178025251e-05
1.245883364295008178e-01 2.661435325598583966e-06
1.335451562929897418e-01 5.440865398703997164e-07
1.431458937523478470e-01 1.151543832192118220e-07
1.534368408930009975e-01 2.848588220244336574e-08
1.644676177994662813e-01 7.907999524797965109e-09
1.762914118095947891e-01 2.135781943661836133e-09
1.889652339691207661e-01 5.088387894986357593e-10
2.025501939230666404e-01 1.021280178371326418e-10
2.171117945694500950e-01 1.682468988415770061e-11
2.327202478960407328e-01 2.226000812992547756e-12
2.494508135230316670e-01 2.312834174546941847e-13
2.673841615839944175e-01 1.842125492096122387e-14
2.866067616948250185e-01 1.097569992379854912e-15
3.072112998861752931e-01 4.860802588991228066e-17
3.292971255097147942e-01 1.951882474529849642e-18
3.529707302730650254e-01 1.855047458501070138e-19
3.783462617131925221e-01 3.951528436059683357e-20
4.055460735840827891e-01 8.196210808736823240e-21
4.347013158125017651e-01 1.411629259221442509e-21
4.659525668664677434e-01 1.962504525660098700e-22
4.994505115855140120e-01 2.154485247734055565e-23
5.353566677410719343e-01 1.823834158807185213e-24
5.738441648302392561e-01 1.159760755070845551e-25
6.150985788580504154e-01 5.382484785429123444e-27
6.593188271333542128e-01 1.766289944044595674e-28
7.067181273927490848e-01 3.957828487057380978e-30
7.575250258771905054e-01 5.827711920085586000e-32
8.119844993184008874e-01 5.405586900541633139e-34
8.703591361485165656e-01 3.015153344312509606e-36
9.329304026284677143e-01 9.609295245736386489e-39
1.000000000000000000e+00 1.654098373824287998e-41
