# Posterior distribution for f, given N = 82 merger events at LIGO O3. PBH Mass: 0.5 M_sunPrior: log-flat
# Columns: f, P(f|N)
9.999999999999999547e-07 0.000000000000000000e+00
1.071891319205128528e-06 0.000000000000000000e+00
1.148951000187308475e-06 0.000000000000000000e+00
1.231550603292826123e-06 0.000000000000000000e+00
1.320088400831416760e-06 0.000000000000000000e+00
1.414991297434575852e-06 0.000000000000000000e+00
1.516716888470924146e-06 0.000000000000000000e+00
1.625755666443793459e-06 0.000000000000000000e+00
1.742633386009650705e-06 0.000000000000000000e+00
1.867913599020780929e-06 0.000000000000000000e+00
2.002200371815584564e-06 0.000000000000000000e+00
2.146141197858405979e-06 0.000000000000000000e+00
2.300430119772916844e-06 0.000000000000000000e+00
2.465811075822603893e-06 0.000000000000000000e+00
2.643081486974102836e-06 0.000000000000000000e+00
2.833096101839324281e-06 0.000000000000000000e+00
3.036771118035460538e-06 0.000000000000000000e+00
3.255088599835056550e-06 0.000000000000000000e+00
3.489101213406773843e-06 0.000000000000000000e+00
3.739937302478793814e-06 0.000000000000000000e+00
4.008806328898464506e-06 0.000000000000000000e+00
4.297004704320844031e-06 0.000000000000000000e+00
4.605922041145103558e-06 0.000000000000000000e+00
4.937047852839003774e-06 0.000000000000000000e+00
5.291978735958436362e-06 0.000000000000000000e+00
5.672426068491977286e-06 0.000000000000000000e+00
6.080224261649427418e-06 0.000000000000000000e+00
6.517339604882419798e-06 0.000000000000000000e+00
6.985879746785248997e-06 0.000000000000000000e+00
7.488103857590030710e-06 0.000000000000000000e+00
8.026433522257174640e-06 0.000000000000000000e+00
8.603464416684508890e-06 0.000000000000000000e+00
9.221978823334321272e-06 0.000000000000000000e+00
9.884959046625586455e-06 0.000000000000000000e+00
1.059560179277614854e-05 0.000000000000000000e+00
1.135733358343105172e-05 0.000000000000000000e+00
1.217382727739661976e-05 0.000000000000000000e+00
1.304901978014401602e-05 0.000000000000000000e+00
1.398713102647238687e-05 0.000000000000000000e+00
1.499268432786047117e-05 0.000000000000000000e+00
1.607052818261638468e-05 0.000000000000000000e+00
1.722585965398787565e-05 0.000000000000000000e+00
1.846424942895542385e-05 0.000000000000000000e+00
1.979166867853557454e-05 0.000000000000000000e+00
2.121451784910627868e-05 0.000000000000000000e+00
2.273965752357927516e-05 0.000000000000000000e+00
2.437444150122221616e-05 0.000000000000000000e+00
2.612675225563326344e-05 0.000000000000000000e+00
2.800503894183631128e-05 0.000000000000000000e+00
3.001835813575592089e-05 0.000000000000000000e+00
3.217641750250735676e-05 0.000000000000000000e+00
3.448962260405759859e-05 0.000000000000000000e+00
3.696912707195024335e-05 0.000000000000000000e+00
3.962688638701478144e-05 0.000000000000000000e+00
4.247571552536893796e-05 0.000000000000000000e+00
4.552935074866947907e-05 0.000000000000000000e+00
4.880251583654433487e-05 0.000000000000000000e+00
5.231099308056257952e-05 0.000000000000000000e+00
5.607169938205458130e-05 0.000000000000000000e+00
6.010276782070387642e-05 0.000000000000000000e+00
6.442363508721369713e-05 3.936884530579576012e-316
6.905513520162330260e-05 3.157588840903561586e-311
7.401959996915637120e-05 2.524090792995804062e-306
7.934096665797492082e-05 2.009749493329174509e-301
8.504489341802668747e-05 1.593026561520653212e-296
9.115888299750818402e-05 1.256237732463099934e-291
9.771241535346501675e-05 9.848611789781063529e-287
1.047370897959449686e-04 7.669692520973005243e-282
1.122667773510813578e-04 5.927616908208032291e-277
1.203377840777589337e-04 4.541823149912803740e-272
1.289890261253308021e-04 3.446044769149036048e-267
1.382622173764654864e-04 2.585732269372369879e-262
1.482020705798858503e-04 1.915943413113332577e-257
1.588565129428052810e-04 1.399621429111541747e-252
1.702769172225899476e-04 1.006194760578364609e-247
1.825183494319042592e-04 7.104432411247423386e-243
1.956398343517062703e-04 4.915842520169669917e-238
2.097046401323232709e-04 3.325389088789291800e-233
2.247805833548725178e-04 2.193431477291721559e-228
2.409403560239524325e-04 1.406723291335308379e-223
2.582618760682674902e-04 8.745133921479177457e-219
2.768286630392063972e-04 5.252581886186395729e-214
2.967302408188869536e-04 3.037461987262347233e-209
3.180625692794118915e-04 1.684904278898711558e-204
3.409285069746810937e-04 8.930540669388929510e-200
3.654383070957254701e-04 4.504577079426719790e-195
3.917101490809256391e-04 2.153135715118104888e-190
4.198707084443910179e-04 9.710415339876411940e-186
4.500557675700497698e-04 4.113495849948068141e-181
4.824108704165368721e-04 1.629328260932476910e-176
5.170920242896755517e-04 6.006437513018472841e-172
5.542664520663101490e-04 2.051167542279011435e-167
5.941133984965033281e-04 6.458222596220745469e-163
6.368249944718586218e-04 1.865946292230159967e-158
6.826071834272385728e-04 4.923879208334418917e-154
7.316807143427192690e-04 1.181115733857404536e-149
7.842822061337682274e-04 2.563422308795186102e-145
8.406652885618325121e-04 5.010378995193735081e-141
9.011018251665018231e-04 8.778897914912348942e-137
9.658832241158698054e-04 1.372593223449590040e-132
1.035321843295661671e-03 1.906367926308853077e-128
1.109752496412072130e-03 2.341432613107520632e-124
1.189534067370319513e-03 2.531797461676878783e-120
1.275051240713012809e-03 2.399521550245743369e-116
1.366716356462005988e-03 1.984527248381880579e-112
1.464971398307284749e-03 1.426020087137535492e-108
1.570290124729377445e-03 8.864219309456248990e-105
1.683180353330956556e-03 4.745948068013659655e-101
1.804186409392071833e-03 2.179253923761934028e-97
1.933891750455230159e-03 8.545691125450432753e-94
2.072921779595369735e-03 2.849817609934737532e-90
2.221946860939523916e-03 8.048718315879506591e-87
2.381685551976158062e-03 1.917482394474191620e-83
2.552908068239516468e-03 3.838384942479248244e-80
2.736439997074669155e-03 6.432475683997086017e-77
2.933166278390042427e-03 8.993461252160501040e-74
3.144035471591500111e-03 1.045768553313804336e-70
3.370064329271928172e-03 1.008579598929777738e-67
3.612342699709430310e-03 8.049227730093229863e-65
3.872038781812553020e-03 5.306425807588328561e-62
4.150404757850472380e-03 2.886363837317442261e-59
4.448782831127585241e-03 1.294761750144941885e-56
4.768611697714469390e-03 4.790950239279837514e-54
5.111433483440165799e-03 1.463792221051710237e-51
5.478901179593939109e-03 3.699402127913568995e-49
5.872786613189477124e-03 7.753118838800572087e-47
6.294988990221887619e-03 1.351842031135835913e-44
6.747544053110693212e-03 1.968690228534260861e-42
7.232633896483533706e-03 2.405337096948658025e-40
7.752597488629456302e-03 2.477817192259767425e-38
8.309941949353387078e-03 2.163499715619040085e-36
8.907354638610439843e-03 1.610042509659712314e-34
9.547716114208055702e-03 1.026966914493966353e-32
1.023411402105452693e-02 5.646223067825986041e-31
1.096985797892384082e-02 2.690546614109497984e-29
1.175849554052155709e-02 1.117171922081599254e-27
1.260382929679727468e-02 4.062568910259016167e-26
1.350993521198025175e-02 1.300029195785500563e-24
1.448118227674533021e-02 3.677044365250744178e-23
1.552225357427047987e-02 9.230023650786920064e-22
1.663816886076127308e-02 2.063810960623784950e-20
1.783430876931909465e-02 4.124269360158113729e-19
1.911644075385699609e-02 7.388019240900919073e-18
2.049074689815846145e-02 1.189491982524770494e-16
2.196385372416546911e-02 1.725282802133563254e-15
2.354286414322415491e-02 2.258976436998098971e-14
2.523539170434765944e-02 2.674783326240662815e-13
2.704959730463131484e-02 2.868536192971612782e-12
2.899422853882875281e-02 2.789994413934358114e-11
3.107866187782013997e-02 2.463833578359087888e-10
3.331294787934670210e-02 1.977447884937872552e-09
3.570785964900462933e-02 1.443579211221165673e-08
3.827494478516307169e-02 9.592195631818971612e-08
4.102658105827190066e-02 5.804812144150773028e-07
4.397603609302721400e-02 3.200806449317874858e-06
4.713753134116719506e-02 1.608805009631098602e-05
5.052631065335679711e-02 7.373271053923564867e-05
5.415871378079464837e-02 3.082071855985745530e-04
5.805225516094895954e-02 1.175281132347651093e-03
6.222570836730231120e-02 4.089033000264561540e-03
6.669919663030114687e-02 1.298291880589518693e-02
7.149428986597576585e-02 3.761420205065611061e-02
7.663410868007446142e-02 9.946299078917793246e-02
8.214343584919421570e-02 2.400468020164066296e-01
8.804883581643464796e-02 5.287675613243782990e-01
9.437878277775371694e-02 1.063092563300456872e+00
1.011637979766207007e-01 1.950797224272257546e+00
1.084365968689608717e-01 3.267238184105553778e+00
1.162322468679851811e-01 4.994203948262979864e+00
1.245883364295008178e-01 6.967144895676169014e+00
1.335451562929897418e-01 8.870140461364153239e+00
1.431458937523478470e-01 1.030565186705851133e+01
1.534368408930009975e-01 1.092623815520934194e+01
1.644676177994662813e-01 1.057051216331474386e+01
1.762914118095947891e-01 9.331057452615926451e+00
1.889652339691207661e-01 7.515433675822727366e+00
2.025501939230666404e-01 5.522608531740323734e+00
2.171117945694500950e-01 3.702372769275342979e+00
2.327202478960407328e-01 2.264333704886501319e+00
2.494508135230316670e-01 1.263292902377318061e+00
2.673841615839944175e-01 6.429100774740245106e-01
2.866067616948250185e-01 2.984410265973833631e-01
3.072112998861752931e-01 3.946552702030488302e-02
3.292971255097147942e-01 4.879705206908820092e-02
3.529707302730650254e-01 3.649270928795411012e-02
3.783462617131925221e-01 1.086122760581464258e-02
4.055460735840827891e-01 1.292191556664545014e-03
4.347013158125017651e-01 5.623122310418680842e-05
4.659525668664677434e-01 1.753498916041866414e-06
4.994505115855140120e-01 2.464977023989978533e-06
5.353566677410719343e-01 3.165251169028280527e-06
5.738441648302392561e-01 1.889558450086777390e-06
6.150985788580504154e-01 4.848382620874330579e-07
6.593188271333542128e-01 4.912157747946545046e-08
7.067181273927490848e-01 1.789948024409841786e-09
7.575250258771905054e-01 2.116819325130832705e-11
8.119844993184008874e-01 7.256232794214059246e-14
8.703591361485165656e-01 7.109118263458901012e-17
9.329304026284677143e-01 4.106050870181848018e-17
1.000000000000000000e+00 1.223171234911760769e-16
