# Posterior distribution for f, given N = 30 merger events at LIGO O3. PBH Mass: 0.5 M_sunPrior: jeffreys
# Columns: f, P(f|N)
9.999999999999999547e-07 3.363954697777772984e-241
1.071891319205128528e-06 2.167176665227513339e-239
1.148951000187308475e-06 1.396170362219074581e-237
1.231550603292826123e-06 8.994611891254985993e-236
1.320088400831416760e-06 5.794638552613373361e-234
1.414991297434575852e-06 3.733104746319369300e-232
1.516716888470924146e-06 2.404993428128511662e-230
1.625755666443793459e-06 1.549378400737447626e-228
1.742633386009650705e-06 9.981618726174206877e-227
1.867913599020780929e-06 6.430493779590971132e-225
2.002200371815584564e-06 4.142738527939440027e-223
2.146141197858405979e-06 2.668889343807087146e-221
2.300430119772916844e-06 1.719386222946946844e-219
2.465811075822603893e-06 1.107684640922703185e-217
2.643081486974102836e-06 7.136062192027581433e-216
2.833096101839324281e-06 4.597279446005582544e-214
3.036771118035460538e-06 2.961712825489801385e-212
3.255088599835056550e-06 1.908027961287455853e-210
3.489101213406773843e-06 1.229210460653754144e-208
3.739937302478793814e-06 7.918947429264609666e-207
4.008806328898464506e-06 5.101622806160835012e-205
4.297004704320844031e-06 3.286615317677632501e-203
4.605922041145103558e-06 2.117332269056434713e-201
4.937047852839003774e-06 1.364045113795881763e-199
5.291978735958436362e-06 8.787553646662398148e-198
5.672426068491977286e-06 5.661177065333283198e-196
6.080224261649427418e-06 3.647077013232297548e-194
6.517339604882419798e-06 2.349538269022896752e-192
6.985879746785248997e-06 1.513629024433494056e-190
7.488103857590030710e-06 9.751145579287061241e-189
8.026433522257174640e-06 6.281900175785262872e-187
8.603464416684508890e-06 4.046928561613188316e-185
9.221978823334321272e-06 2.607108299716469193e-183
9.884959046625586455e-06 1.679544569739056515e-181
1.059560179277614854e-05 1.081988908905430751e-179
1.135733358343105172e-05 6.970320935145828253e-178
1.217382727739661976e-05 4.490361345482770903e-176
1.304901978014401602e-05 2.892731999245072121e-174
1.398713102647238687e-05 1.863516859211184545e-172
1.499268432786047117e-05 1.200484265847584922e-170
1.607052818261638468e-05 7.733523618708148920e-169
1.722585965398787565e-05 4.981910347751583056e-167
1.846424942895542385e-05 3.209309973952068930e-165
1.979166867853557454e-05 2.067399336573542442e-163
2.121451784910627868e-05 1.331783622464036773e-161
2.273965752357927516e-05 8.579049092546477592e-160
2.437444150122221616e-05 5.526375168136654786e-158
2.612675225563326344e-05 3.559891703661939101e-156
2.800503894183631128e-05 2.293125545767050618e-154
3.001835813575592089e-05 1.477109999251739941e-152
3.217641750250735676e-05 9.514611272841174751e-151
3.448962260405759859e-05 6.128604719048307469e-149
3.696912707195024335e-05 3.947512842573539053e-147
3.962688638701478144e-05 2.542586672375344500e-145
4.247571552536893796e-05 1.637634576164565527e-143
4.552935074866947907e-05 1.054740983899166604e-141
4.880251583654433487e-05 6.792984232493698506e-140
5.231099308056257952e-05 4.374813066600802280e-138
5.607169938205458130e-05 2.817347332666366493e-136
6.010276782070387642e-05 1.814265622547019612e-134
6.442363508721369713e-05 1.168256464191626550e-132
6.905513520162330260e-05 7.522275242831516679e-131
7.401959996915637120e-05 4.843177378494937900e-129
7.934096665797492082e-05 3.118010470206635994e-127
8.504489341802668747e-05 2.007179129201925127e-125
9.115888299750818402e-05 1.291964938238250520e-123
9.771241535346501675e-05 8.315057440627154699e-122
1.047370897959449686e-04 5.350849465706219758e-120
1.122667773510813578e-04 3.442826889620153822e-118
1.203377840777589337e-04 2.214794738299559729e-116
1.289890261253308021e-04 1.424515491043777341e-114
1.382622173764654864e-04 9.160186355261199235e-113
1.482020705798858503e-04 5.888859510681946464e-111
1.588565129428052810e-04 3.784706090642928647e-109
1.702769172225899476e-04 2.431583915348881954e-107
1.825183494319042592e-04 1.561643700220367190e-105
1.956398343517062703e-04 1.002505354007599567e-103
2.097046401323232709e-04 6.432451938473560400e-102
2.247805833548725178e-04 4.124968437330319476e-100
2.409403560239524325e-04 2.643525967627266122e-98
2.582618760682674902e-04 1.692875049135184974e-96
2.768286630392063972e-04 1.083173973669743052e-94
2.967302408188869536e-04 6.923893832626286563e-93
3.180625692794118915e-04 4.421001201657396208e-91
3.409285069746810937e-04 2.819286957227880210e-89
3.654383070957254701e-04 1.795257065231001549e-87
3.917101490809256391e-04 1.141278180580032014e-85
4.198707084443910179e-04 7.241517029907921894e-84
4.500557675700497698e-04 4.584811258619895409e-82
4.824108704165368721e-04 2.895548621489661467e-80
5.170920242896755517e-04 1.823484058574598954e-78
5.542664520663101490e-04 1.144608415347512178e-76
5.941133984965033281e-04 7.158019081046583446e-75
6.368249944718586218e-04 4.457367516765850239e-73
6.826071834272385728e-04 2.762169620841636657e-71
7.316807143427192690e-04 1.702193731788478338e-69
7.842822061337682274e-04 1.042351200244917492e-67
8.406652885618325121e-04 6.336940060376952961e-66
9.011018251665018231e-04 3.820924785430411167e-64
9.658832241158698054e-04 2.282373785757133949e-62
1.035321843295661671e-03 1.348892763776136289e-60
1.109752496412072130e-03 7.876148847608104883e-59
1.189534067370319513e-03 4.536213923810912910e-57
1.275051240713012809e-03 2.572353559411936685e-55
1.366716356462005988e-03 1.433343437605584496e-53
1.464971398307284749e-03 7.830358905201087813e-52
1.570290124729377445e-03 4.183628893661630974e-50
1.683180353330956556e-03 2.180156072845770427e-48
1.804186409392071833e-03 1.104840569311972786e-46
1.933891750455230159e-03 5.427438443715886175e-45
2.072921779595369735e-03 2.575561735529694234e-43
2.221946860939523916e-03 1.176324264010112819e-41
2.381685551976158062e-03 5.150659165631302010e-40
2.552908068239516468e-03 2.153282089762566637e-38
2.736439997074669155e-03 8.558531908659679947e-37
2.933166278390042427e-03 3.220131157641331415e-35
3.144035471591500111e-03 1.141887709881005781e-33
3.370064329271928172e-03 3.799813574835662397e-32
3.612342699709430310e-03 1.181546260766812641e-30
3.872038781812553020e-03 3.419252763803567129e-29
4.150404757850472380e-03 9.174101677077137884e-28
4.448782831127585241e-03 2.274357910467627068e-26
4.768611697714469390e-03 5.194092872867880158e-25
5.111433483440165799e-03 1.089972970497634213e-23
5.478901179593939109e-03 2.097495807908431181e-22
5.872786613189477124e-03 3.695936369525269349e-21
6.294988990221887619e-03 5.957712610399531050e-20
6.747544053110693212e-03 8.781860038206805976e-19
7.232633896483533706e-03 1.183791736049474133e-17
7.752597488629456302e-03 1.460029760329577532e-16
8.309941949353387078e-03 1.648990846330002373e-15
8.907354638610439843e-03 1.707426024264464025e-14
9.547716114208055702e-03 1.623008376199779979e-13
1.023411402105452693e-02 1.418409268921118944e-12
1.096985797892384082e-02 1.141457115470960589e-11
1.175849554052155709e-02 8.471734524356673524e-11
1.260382929679727468e-02 5.807607805960330852e-10
1.350993521198025175e-02 3.682599297718784624e-09
1.448118227674533021e-02 2.162785651329116696e-08
1.552225357427047987e-02 1.177835503579970854e-07
1.663816886076127308e-02 5.954068985510256170e-07
1.783430876931909465e-02 2.796279445616452468e-06
1.911644075385699609e-02 1.220950575823196217e-05
2.049074689815846145e-02 4.959248286543402047e-05
2.196385372416546911e-02 1.874662244840440758e-04
2.354286414322415491e-02 6.597098474811447996e-04
2.523539170434765944e-02 2.161663907684294346e-03
2.704959730463131484e-02 6.595771184468104259e-03
2.899422853882875281e-02 1.874052782680782347e-02
3.107866187782013997e-02 4.957903528507071750e-02
3.331294787934670210e-02 1.221083538967507043e-01
3.570785964900462933e-02 2.799166230218155249e-01
3.827494478516307169e-02 5.970782227378820251e-01
4.102658105827190066e-02 1.184726728484580827e+00
4.397603609302721400e-02 2.185949186543081790e+00
4.713753134116719506e-02 3.749174561669564198e+00
5.052631065335679711e-02 5.974955821152138746e+00
5.415871378079464837e-02 8.844231188590649495e+00
5.805225516094895954e-02 1.215429643725279085e+01
6.222570836730231120e-02 1.550097872230167440e+01
6.669919663030114687e-02 1.833838101828477463e+01
7.149428986597576585e-02 2.011631094672291908e+01
7.663410868007446142e-02 2.045194200498329451e+01
8.214343584919421570e-02 1.926346657770370285e+01
8.804883581643464796e-02 1.680215401448685952e+01
9.437878277775371694e-02 1.356581072736740623e+01
1.011637979766207007e-01 1.013443711884693599e+01
1.084365968689608717e-01 7.002497016408010033e+00
1.162322468679851811e-01 4.473379952144690641e+00
1.245883364295008178e-01 2.641084725331690475e+00
1.335451562929897418e-01 1.440558358191707633e+00
1.431458937523478470e-01 7.256444567878614915e-01
1.534368408930009975e-01 3.374490617801068626e-01
1.644676177994662813e-01 1.448221512541155165e-01
1.762914118095947891e-01 5.734025455826375489e-02
1.889652339691207661e-01 2.873707033043990805e-02
2.025501939230666404e-01 1.133029087515449729e-02
2.171117945694500950e-01 3.057165476185501763e-03
2.327202478960407328e-01 5.421213804013876991e-04
2.494508135230316670e-01 6.348081925379461419e-05
2.673841615839944175e-01 7.755827799511940860e-06
2.866067616948250185e-01 2.943117354647302886e-06
3.072112998861752931e-01 1.484126957929117602e-06
3.292971255097147942e-01 5.498754520263787407e-07
3.529707302730650254e-01 1.379843513775246519e-07
3.783462617131925221e-01 2.250352573032418671e-08
4.055460735840827891e-01 2.283823063310634129e-09
4.347013158125017651e-01 1.375077967629415783e-10
4.659525668664677434e-01 4.660525524452741240e-12
4.994505115855140120e-01 8.413040062378457362e-14
5.353566677410719343e-01 9.806184993590757791e-16
5.738441648302392561e-01 1.803952150666501740e-16
6.150985788580504154e-01 1.007601044519831266e-16
6.593188271333542128e-01 4.047279964111225717e-17
7.067181273927490848e-01 1.109540031090322251e-17
7.575250258771905054e-01 1.997718360237311575e-18
8.119844993184008874e-01 2.264615599622745705e-19
8.703591361485165656e-01 1.542912204365166203e-20
9.329304026284677143e-01 6.002983662959401926e-22
1.000000000000000000e+00 1.260789984424625339e-23
