# Posterior distribution for f, given N merger events. PBH Mass: 0.5 M_sun
# Columns: f, P(f|N=100)
9.999999999999999547e-07 0.000000000000000000e+00
1.071891319205128528e-06 0.000000000000000000e+00
1.148951000187308475e-06 0.000000000000000000e+00
1.231550603292826123e-06 0.000000000000000000e+00
1.320088400831416760e-06 0.000000000000000000e+00
1.414991297434575852e-06 0.000000000000000000e+00
1.516716888470924146e-06 0.000000000000000000e+00
1.625755666443793459e-06 0.000000000000000000e+00
1.742633386009650705e-06 0.000000000000000000e+00
1.867913599020780929e-06 0.000000000000000000e+00
2.002200371815584564e-06 0.000000000000000000e+00
2.146141197858405979e-06 0.000000000000000000e+00
2.300430119772916844e-06 0.000000000000000000e+00
2.465811075822603893e-06 0.000000000000000000e+00
2.643081486974102836e-06 0.000000000000000000e+00
2.833096101839324281e-06 0.000000000000000000e+00
3.036771118035460538e-06 0.000000000000000000e+00
3.255088599835056550e-06 0.000000000000000000e+00
3.489101213406773843e-06 0.000000000000000000e+00
3.739937302478793814e-06 0.000000000000000000e+00
4.008806328898464506e-06 0.000000000000000000e+00
4.297004704320844031e-06 0.000000000000000000e+00
4.605922041145103558e-06 0.000000000000000000e+00
4.937047852839003774e-06 0.000000000000000000e+00
5.291978735958436362e-06 0.000000000000000000e+00
5.672426068491977286e-06 0.000000000000000000e+00
6.080224261649427418e-06 0.000000000000000000e+00
6.517339604882419798e-06 0.000000000000000000e+00
6.985879746785248997e-06 0.000000000000000000e+00
7.488103857590030710e-06 0.000000000000000000e+00
8.026433522257174640e-06 0.000000000000000000e+00
8.603464416684508890e-06 0.000000000000000000e+00
9.221978823334321272e-06 0.000000000000000000e+00
9.884959046625586455e-06 0.000000000000000000e+00
1.059560179277614854e-05 0.000000000000000000e+00
1.135733358343105172e-05 0.000000000000000000e+00
1.217382727739661976e-05 0.000000000000000000e+00
1.304901978014401602e-05 0.000000000000000000e+00
1.398713102647238687e-05 0.000000000000000000e+00
1.499268432786047117e-05 0.000000000000000000e+00
1.607052818261638468e-05 0.000000000000000000e+00
1.722585965398787565e-05 0.000000000000000000e+00
1.846424942895542385e-05 0.000000000000000000e+00
1.979166867853557454e-05 0.000000000000000000e+00
2.121451784910627868e-05 0.000000000000000000e+00
2.273965752357927516e-05 0.000000000000000000e+00
2.437444150122221616e-05 0.000000000000000000e+00
2.612675225563326344e-05 0.000000000000000000e+00
2.800503894183631128e-05 0.000000000000000000e+00
3.001835813575592089e-05 0.000000000000000000e+00
3.217641750250735676e-05 0.000000000000000000e+00
3.448962260405759859e-05 0.000000000000000000e+00
3.696912707195024335e-05 0.000000000000000000e+00
3.962688638701478144e-05 0.000000000000000000e+00
4.247571552536893796e-05 0.000000000000000000e+00
4.552935074866947907e-05 0.000000000000000000e+00
4.880251583654433487e-05 0.000000000000000000e+00
5.231099308056257952e-05 0.000000000000000000e+00
5.607169938205458130e-05 0.000000000000000000e+00
6.010276782070387642e-05 0.000000000000000000e+00
6.442363508721369713e-05 0.000000000000000000e+00
6.905513520162330260e-05 0.000000000000000000e+00
7.401959996915637120e-05 0.000000000000000000e+00
7.934096665797492082e-05 0.000000000000000000e+00
8.504489341802668747e-05 0.000000000000000000e+00
9.115888299750818402e-05 0.000000000000000000e+00
9.771241535346501675e-05 0.000000000000000000e+00
1.047370897959449686e-04 0.000000000000000000e+00
1.122667773510813578e-04 0.000000000000000000e+00
1.203377840777589337e-04 0.000000000000000000e+00
1.289890261253308021e-04 0.000000000000000000e+00
1.382622173764654864e-04 0.000000000000000000e+00
1.482020705798858503e-04 0.000000000000000000e+00
1.588565129428052810e-04 0.000000000000000000e+00
1.702769172225899476e-04 0.000000000000000000e+00
1.825183494319042592e-04 0.000000000000000000e+00
1.956398343517062703e-04 0.000000000000000000e+00
2.097046401323232709e-04 0.000000000000000000e+00
2.247805833548725178e-04 0.000000000000000000e+00
2.409403560239524325e-04 0.000000000000000000e+00
2.582618760682674902e-04 0.000000000000000000e+00
2.768286630392063972e-04 0.000000000000000000e+00
2.967302408188869536e-04 0.000000000000000000e+00
3.180625692794118915e-04 0.000000000000000000e+00
3.409285069746810937e-04 0.000000000000000000e+00
3.654383070957254701e-04 0.000000000000000000e+00
3.917101490809256391e-04 0.000000000000000000e+00
4.198707084443910179e-04 0.000000000000000000e+00
4.500557675700497698e-04 0.000000000000000000e+00
4.824108704165368721e-04 0.000000000000000000e+00
5.170920242896755517e-04 5.013728767432385806e-319
5.542664520663101490e-04 4.437602551767433220e-313
5.941133984965033281e-04 4.555176301411608665e-307
6.368249944718586218e-04 4.647142905156077302e-301
6.826071834272385728e-04 4.707690394368915063e-295
7.316807143427192690e-04 4.730789188837768945e-289
7.842822061337682274e-04 4.710475767873926719e-283
8.406652885618325121e-04 4.641238375043684865e-277
9.011018251665018231e-04 4.518510012254004985e-271
9.658832241158698054e-04 4.339256647136824571e-265
1.035321843295661671e-03 4.102625856332784468e-259
1.109752496412072130e-03 3.810591503399961346e-253
1.189534067370319513e-03 3.468496628835031571e-247
1.275051240713012809e-03 3.085366505090004956e-241
1.366716356462005988e-03 2.673848272966735535e-235
1.464971398307284749e-03 2.249647723413161535e-229
1.570290124729377445e-03 1.830392297260174603e-223
1.683180353330956556e-03 1.433959265076370571e-217
1.804186409392071833e-03 1.076458917570364019e-211
1.933891750455230159e-03 7.702185992767368783e-206
2.072921779595369735e-03 5.222143473519982290e-200
2.221946860939523916e-03 3.333758691122411260e-194
2.381685551976158062e-03 1.990090811024470260e-188
2.552908068239516468e-03 1.102669216570640461e-182
2.736439997074669155e-03 5.626308810173850326e-177
2.933166278390042427e-03 2.621777317930652134e-171
3.144035471591500111e-03 1.106111484942976980e-165
3.370064329271928172e-03 4.187573216431181991e-160
3.612342699709430310e-03 1.409815201672424564e-154
3.872038781812553020e-03 4.182954173321646777e-149
4.150404757850472380e-03 1.084148532755583384e-143
4.448782831127585241e-03 2.433858037208630756e-138
4.768611697714469390e-03 4.695095795184647866e-133
5.111433483440165799e-03 7.726327869633526126e-128
5.478901179593939109e-03 1.077634654583264853e-122
5.872786613189477124e-03 1.266856931235060230e-117
6.294988990221887619e-03 1.249544113447644046e-112
6.747544053110693212e-03 1.030337083711660195e-107
7.232633896483533706e-03 7.083551375745193247e-103
7.752597488629456302e-03 4.052914627104338112e-98
8.309941949353387078e-03 1.927632737033878799e-93
8.907354638610439843e-03 7.616035354095697313e-89
9.547716114208055702e-03 2.498638678880433700e-84
1.023411402105452693e-02 6.804223387196309869e-80
1.096985797892384082e-02 1.537034155019973717e-75
1.175849554052155709e-02 2.876971910237951845e-71
1.260382929679727468e-02 4.453820605618196481e-67
1.350993521198025175e-02 5.686576379579923881e-63
1.448118227674533021e-02 5.964147950730597343e-59
1.552225357427047987e-02 5.110655511039407855e-55
1.663816886076127308e-02 3.553012642310536322e-51
1.783430876931909465e-02 1.986563772717444570e-47
1.911644075385699609e-02 8.837849793812862425e-44
2.049074689815846145e-02 3.088663917279300664e-40
2.196385372416546911e-02 8.352896627743601965e-37
2.354286414322415491e-02 1.717763378094709986e-33
2.523539170434765944e-02 2.633045258691499907e-30
2.704959730463131484e-02 2.940794349305226588e-27
2.899422853882875281e-02 2.332983211535325051e-24
3.107866187782013997e-02 1.277882032278435694e-21
3.331294787934670210e-02 4.684642987941742891e-19
3.570785964900462933e-02 1.111311181983527383e-16
3.827494478516307169e-02 1.646325908013902272e-14
4.102658105827190066e-02 1.469261782239498006e-12
4.397603609302721400e-02 7.642354891813235116e-11
4.713753134116719506e-02 2.263905147926661865e-09
5.052631065335679711e-02 3.824489062118333204e-08
5.415871378079464837e-02 3.877276802516001190e-07
5.805225516094895954e-02 2.665706905695992687e-06
6.222570836730231120e-02 1.454990243626712811e-05
6.669919663030114687e-02 6.977374425929114353e-05
7.149428986597576585e-02 3.024267071838388941e-04
7.663410868007446142e-02 1.188581781509723658e-03
8.214343584919421570e-02 4.236525969330959783e-03
8.804883581643464796e-02 1.369592798401754290e-02
9.437878277775371694e-02 4.015999160935316420e-02
1.011637979766207007e-01 1.068142216738880712e-01
1.084365968689608717e-01 2.576943315864865247e-01
1.162322468679851811e-01 5.639274761032981864e-01
1.245883364295008178e-01 1.119393458601238622e+00
1.335451562929897418e-01 2.015481980373633242e+00
1.431458937523478470e-01 3.291583972880884446e+00
1.534368408930009975e-01 4.875872295333313566e+00
1.644676177994662813e-01 6.551056661474954801e+00
1.762914118095947891e-01 7.983099588438948402e+00
1.889652339691207661e-01 8.823116286537334929e+00
2.025501939230666404e-01 8.844061521333506093e+00
2.171117945694500950e-01 8.039888766366880546e+00
2.327202478960407328e-01 6.628367040842544355e+00
2.494508135230316670e-01 4.955775669958925711e+00
2.673841615839944175e-01 3.360133432963072764e+00
2.866067616948250185e-01 2.066014852342374031e+00
3.072112998861752931e-01 1.151955740227773584e+00
3.292971255097147942e-01 5.824495287244479957e-01
3.529707302730650254e-01 0.000000000000000000e+00
3.783462617131925221e-01 0.000000000000000000e+00
4.055460735840827891e-01 0.000000000000000000e+00
4.347013158125017651e-01 0.000000000000000000e+00
4.659525668664677434e-01 0.000000000000000000e+00
4.994505115855140120e-01 0.000000000000000000e+00
5.353566677410719343e-01 0.000000000000000000e+00
5.738441648302392561e-01 0.000000000000000000e+00
6.150985788580504154e-01 0.000000000000000000e+00
6.593188271333542128e-01 0.000000000000000000e+00
7.067181273927490848e-01 0.000000000000000000e+00
7.575250258771905054e-01 0.000000000000000000e+00
8.119844993184008874e-01 0.000000000000000000e+00
8.703591361485165656e-01 0.000000000000000000e+00
9.329304026284677143e-01 0.000000000000000000e+00
1.000000000000000000e+00 0.000000000000000000e+00
