# Posterior distribution for f, given N = 10 merger events in ET. PBH Mass: 10.0 M_sunPrior: jeffreys
# Columns: f, P(f|N)
9.999999999999999547e-07 4.330830963222880509e-30
1.071891319205128528e-06 1.735497012562898533e-29
1.148951000187308475e-06 6.954282757080865941e-29
1.231550603292826123e-06 2.786461591813306857e-28
1.320088400831416760e-06 1.116405299447512638e-27
1.414991297434575852e-06 4.472538474530108731e-27
1.516716888470924146e-06 1.791612975696718056e-26
1.625755666443793459e-06 7.176058515278302571e-26
1.742633386009650705e-06 2.873903702497701872e-25
1.867913599020780929e-06 1.150786245139811685e-24
2.002200371815584564e-06 4.607271843087293269e-24
2.146141197858405979e-06 1.844203512767353483e-23
2.300430119772916844e-06 7.380353674509007108e-23
2.465811075822603893e-06 2.952802910278020533e-22
2.643081486974102836e-06 1.181038916413761702e-21
2.833096101839324281e-06 4.722233742620237832e-21
3.036771118035460538e-06 1.887393844305398197e-20
3.255088599835056550e-06 7.540226887017744034e-20
3.489101213406773843e-06 3.010817807914104331e-19
3.739937302478793814e-06 1.201516807743687488e-18
4.008806328898464506e-06 4.791625022364905499e-18
4.297004704320844031e-06 1.909414149122909135e-17
4.605922041145103558e-06 7.602075422690738926e-17
4.937047852839003774e-06 3.023584109983539497e-16
5.291978735958436362e-06 1.201170285275871660e-15
5.672426068491977286e-06 4.765462443161787135e-15
6.080224261649427418e-06 1.887721469057968228e-14
6.517339604882419798e-06 7.464577574786567156e-14
6.985879746785248997e-06 2.945743734678720044e-13
7.488103857590030710e-06 1.159788975441230844e-12
8.026433522257174640e-06 4.554187301071459872e-12
8.603464416684508890e-06 1.782885993073453782e-11
9.221978823334321272e-06 6.955468875048361192e-11
9.884959046625586455e-06 2.702727246989248463e-10
1.059560179277614854e-05 1.045451413227984265e-09
1.135733358343105172e-05 4.023004076072630661e-09
1.217382727739661976e-05 1.538946267764629424e-08
1.304901978014401602e-05 5.847389083831940290e-08
1.398713102647238687e-05 2.204744862119741067e-07
1.499268432786047117e-05 8.240485903996555995e-07
1.607052818261638468e-05 3.049499805118923655e-06
1.722585965398787565e-05 1.115851472310175081e-05
1.846424942895542385e-05 4.031243459195347817e-05
1.979166867853557454e-05 1.435510555929176476e-04
2.121451784910627868e-05 5.029334596243314375e-04
2.273965752357927516e-05 1.730100767525708612e-03
2.437444150122221616e-05 5.830735627667468432e-03
2.612675225563326344e-05 1.920492474695295951e-02
2.800503894183631128e-05 6.165891727450919374e-02
3.001835813575592089e-05 1.924156049255045520e-01
3.217641750250735676e-05 5.818679240729508484e-01
3.448962260405759859e-05 1.699576954629327341e+00
3.696912707195024335e-05 4.778588263964283378e+00
3.962688638701478144e-05 1.288644143484745364e+01
4.247571552536893796e-05 3.320482635437188890e+01
4.552935074866947907e-05 8.143279915410255398e+01
4.880251583654433487e-05 1.893066138823529911e+02
5.231099308056257952e-05 4.154240646428766581e+02
5.607169938205458130e-05 8.569030702555190828e+02
6.010276782070387642e-05 1.654305356255522156e+03
6.442363508721369713e-05 2.976184440251990964e+03
6.905513520162330260e-05 4.967959942167111876e+03
7.401959996915637120e-05 7.661120635425339060e+03
7.934096665797492082e-05 1.086780557767634855e+04
8.504489341802668747e-05 1.412186612264916039e+04
9.115888299750818402e-05 1.673946985153602509e+04
9.771241535346501675e-05 1.802723548616737025e+04
1.047370897959449686e-04 1.756862758749298882e+04
1.122667773510813578e-04 1.543478218745130835e+04
1.203377840777589337e-04 1.217873904519256212e+04
1.289890261253308021e-04 8.599700910601275609e+03
1.382622173764654864e-04 5.415518637887415025e+03
1.482020705798858503e-04 3.031281288144958125e+03
1.588565129428052810e-04 1.503326398484235824e+03
1.702769172225899476e-04 6.585518402065639521e+02
1.825183494319042592e-04 2.540749593799033050e+02
1.956398343517062703e-04 8.608955169700705312e+01
2.097046401323232709e-04 2.555006174983938294e+01
2.247805833548725178e-04 6.624851122984473761e+00
2.409403560239524325e-04 1.497079329139055837e+00
2.582618760682674902e-04 2.941647404196235382e-01
2.768286630392063972e-04 5.014821357415370079e-02
2.967302408188869536e-04 7.401663635201940691e-03
3.180625692794118915e-04 9.439501533278945840e-04
3.409285069746810937e-04 1.038238680939299632e-04
3.654383070957254701e-04 9.831080903206205576e-06
3.917101490809256391e-04 8.000792440735391478e-07
4.198707084443910179e-04 5.587377491427278702e-08
4.500557675700497698e-04 3.343379452198684448e-09
4.824108704165368721e-04 1.711864312773310091e-10
5.170920242896755517e-04 7.490434461076846836e-12
5.542664520663101490e-04 2.797643217983059908e-13
5.941133984965033281e-04 8.909762582529706702e-15
6.368249944718586218e-04 2.417232883738331671e-16
6.826071834272385728e-04 5.582019962944571206e-18
7.316807143427192690e-04 1.096432721797701525e-19
7.842822061337682274e-04 1.830824620359859104e-21
8.406652885618325121e-04 2.597802993436889418e-23
9.011018251665018231e-04 3.131488440970573529e-25
9.658832241158698054e-04 3.206620171835830736e-27
1.035321843295661671e-03 2.789636355950405173e-29
1.109752496412072130e-03 2.062506796178851658e-31
1.189534067370319513e-03 1.296696325141686380e-33
1.275051240713012809e-03 6.938054931164072645e-36
1.366716356462005988e-03 3.162870835025641760e-38
1.464971398307284749e-03 1.230259006867798899e-40
1.570290124729377445e-03 4.090378652014143157e-43
1.683180353330956556e-03 1.165012943399714374e-45
1.804186409392071833e-03 2.849897925984368797e-48
1.933891750455230159e-03 6.006025338524624077e-51
2.072921779595369735e-03 1.094315269512215883e-53
2.221946860939523916e-03 1.730831279181257340e-56
2.381685551976158062e-03 2.387333325537434023e-59
2.552908068239516468e-03 2.886289421327094078e-62
2.736439997074669155e-03 3.076019824680761695e-65
2.933166278390042427e-03 2.907617542533454329e-68
3.144035471591500111e-03 2.453950853257175218e-71
3.370064329271928172e-03 1.862234781957264547e-74
3.612342699709430310e-03 1.280098105704246229e-77
3.872038781812553020e-03 8.031294130664491725e-81
4.150404757850472380e-03 4.634362456763431815e-84
4.448782831127585241e-03 2.478308962371040240e-87
4.768611697714469390e-03 1.237313863545031089e-90
5.111433483440165799e-03 5.807480910373567287e-94
5.478901179593939109e-03 2.579050638626691983e-97
5.872786613189477124e-03 1.089857159454523984e-100
6.294988990221887619e-03 4.403834605668163050e-104
6.747544053110693212e-03 1.708289442369321234e-107
7.232633896483533706e-03 6.380598504909256582e-111
7.752597488629456302e-03 2.299388872185624523e-114
8.309941949353387078e-03 8.003727848384258649e-118
8.907354638610439843e-03 2.691568059703312444e-121
9.547716114208055702e-03 8.740251921516885600e-125
1.023411402105452693e-02 2.737395103539290380e-128
1.096985797892384082e-02 8.254762201490829672e-132
1.175849554052155709e-02 2.391687712338527982e-135
1.260382929679727468e-02 6.641789615249943246e-139
1.350993521198025175e-02 1.763215774374783523e-142
1.448118227674533021e-02 4.462430411264844952e-146
1.552225357427047987e-02 1.073656302745711060e-149
1.663816886076127308e-02 2.448885159595983718e-153
1.783430876931909465e-02 5.280552592969033620e-157
1.911644075385699609e-02 1.073561350365991457e-160
2.049074689815846145e-02 2.052483077514863697e-164
2.196385372416546911e-02 3.680892384818499683e-168
2.354286414322415491e-02 6.177529801066223569e-172
2.523539170434765944e-02 9.680262931507189913e-176
2.704959730463131484e-02 1.413348838512642823e-179
2.899422853882875281e-02 1.918839597377325371e-183
3.107866187782013997e-02 2.417965785831077180e-187
3.331294787934670210e-02 2.823163996386054832e-191
3.570785964900462933e-02 3.049332553269272807e-195
3.827494478516307169e-02 3.042416264235988284e-199
4.102658105827190066e-02 2.800219595289572109e-203
4.397603609302721400e-02 2.374592887369952187e-207
4.713753134116719506e-02 1.853193299459794379e-211
5.052631065335679711e-02 1.329663286697331427e-215
5.415871378079464837e-02 8.762904643934020908e-220
5.805225516094895954e-02 5.299980007592150985e-224
6.222570836730231120e-02 2.939610267492033939e-228
6.669919663030114687e-02 1.494159137463812438e-232
7.149428986597576585e-02 6.955487686338605511e-237
7.663410868007446142e-02 2.963748156129084227e-241
8.214343584919421570e-02 1.155372964879270777e-245
8.804883581643464796e-02 4.118860696662996538e-250
9.437878277775371694e-02 1.342249597527311290e-254
1.011637979766207007e-01 3.997021834579604316e-259
1.084365968689608717e-01 1.087299777664097628e-263
1.162322468679851811e-01 2.701152662645675181e-268
1.245883364295008178e-01 6.126705906395420640e-273
1.335451562929897418e-01 1.268487372439381207e-277
1.431458937523478470e-01 2.396847831437209211e-282
1.534368408930009975e-01 4.132507677037686750e-287
1.644676177994662813e-01 6.500370598349703786e-292
1.762914118095947891e-01 9.327255513851608737e-297
1.889652339691207661e-01 1.220696979106523375e-301
2.025501939230666404e-01 1.456978454984139461e-306
2.171117945694500950e-01 1.585801489642342883e-311
2.327202478960407328e-01 1.688319198112688910e-316
2.494508135230316670e-01 0.000000000000000000e+00
2.673841615839944175e-01 0.000000000000000000e+00
2.866067616948250185e-01 0.000000000000000000e+00
3.072112998861752931e-01 0.000000000000000000e+00
3.292971255097147942e-01 0.000000000000000000e+00
3.529707302730650254e-01 0.000000000000000000e+00
3.783462617131925221e-01 0.000000000000000000e+00
4.055460735840827891e-01 0.000000000000000000e+00
4.347013158125017651e-01 0.000000000000000000e+00
4.659525668664677434e-01 0.000000000000000000e+00
4.994505115855140120e-01 0.000000000000000000e+00
5.353566677410719343e-01 0.000000000000000000e+00
5.738441648302392561e-01 0.000000000000000000e+00
6.150985788580504154e-01 0.000000000000000000e+00
6.593188271333542128e-01 0.000000000000000000e+00
7.067181273927490848e-01 0.000000000000000000e+00
7.575250258771905054e-01 0.000000000000000000e+00
8.119844993184008874e-01 0.000000000000000000e+00
8.703591361485165656e-01 0.000000000000000000e+00
9.329304026284677143e-01 0.000000000000000000e+00
1.000000000000000000e+00 0.000000000000000000e+00
