# Posterior distribution for f, given N = 4 merger events in ET. PBH Mass: 10.0 M_sunPrior: jeffreys
# Columns: f, P(f|N)
9.999999999999999547e-07 1.047089798815023291e-08
1.071891319205128528e-06 1.824290290114880543e-08
1.148951000187308475e-06 3.178261872369680218e-08
1.231550603292826123e-06 5.536929532121075140e-08
1.320088400831416760e-06 9.645604686027807594e-08
1.414991297434575852e-06 1.680228161470703201e-07
1.516716888470924146e-06 2.926726731365795575e-07
1.625755666443793459e-06 5.097620493301432156e-07
1.742633386009650705e-06 8.878098987752450067e-07
1.867913599020780929e-06 1.546089876043768756e-06
2.002200371815584564e-06 2.692192731395487123e-06
2.146141197858405979e-06 4.687354163105223583e-06
2.300430119772916844e-06 8.160038271515540918e-06
2.465811075822603893e-06 1.420335438043547609e-05
2.643081486974102836e-06 2.471804869485000111e-05
2.833096101839324281e-06 4.300814982887141548e-05
3.036771118035460538e-06 7.481484354975862828e-05
3.255088599835056550e-06 1.301099260370119351e-04
3.489101213406773843e-06 2.262047672207968536e-04
3.739937302478793814e-06 3.931354878985208697e-04
4.008806328898464506e-06 6.829824450329325444e-04
4.297004704320844031e-06 1.185981595187963599e-03
4.605922041145103558e-06 2.058344227316181215e-03
4.937047852839003774e-06 3.570227582146589650e-03
5.291978735958436362e-06 6.188321289389318164e-03
5.672426068491977286e-06 1.071776895323956272e-02
6.080224261649427418e-06 1.854554175493826340e-02
6.517339604882419798e-06 3.205677425985572343e-02
6.985879746785248997e-06 5.534499137680209263e-02
7.488103857590030710e-06 9.541977068452296706e-02
8.026433522257174640e-06 1.642525758895042598e-01
8.603464416684508890e-06 2.822275340945827327e-01
9.221978823334321272e-06 4.839329004799017286e-01
9.884959046625586455e-06 8.278246133738014212e-01
1.059560179277614854e-05 1.412242281968324242e+00
1.135733358343105172e-05 2.401745574058967936e+00
1.217382727739661976e-05 4.070025470610283413e+00
1.304901978014401602e-05 6.869073507610320206e+00
1.398713102647238687e-05 1.153927319636307125e+01
1.499268432786047117e-05 1.928201571336730780e+01
1.607052818261638468e-05 3.202554965188155478e+01
1.722585965398787565e-05 5.282568848081047008e+01
1.846424942895542385e-05 8.645407884284900035e+01
1.979166867853557454e-05 1.402339301565131677e+02
2.121451784910627868e-05 2.251783783928104299e+02
2.273965752357927516e-05 3.574561724296402190e+02
2.437444150122221616e-05 5.601323679822993427e+02
2.612675225563326344e-05 8.649819249642107479e+02
2.800503894183631128e-05 1.313927059540444588e+03
3.001835813575592089e-05 1.959299776898488744e+03
3.217641750250735676e-05 2.861724556797385503e+03
3.448962260405759859e-05 4.084090414993265767e+03
3.696912707195024335e-05 5.680101935172167941e+03
3.962688638701478144e-05 7.676646982232839946e+03
4.247571552536893796e-05 1.005107374434324083e+04
4.552935074866947907e-05 1.270753162715058716e+04
4.880251583654433487e-05 1.546021748863009816e+04
5.231099308056257952e-05 1.803409129552679224e+04
5.607169938205458130e-05 2.009293998830031705e+04
6.010276782070387642e-05 2.129832757429045887e+04
6.442363508721369713e-05 2.139084186351492463e+04
6.905513520162330260e-05 2.027093504463033969e+04
7.401959996915637120e-05 1.804815578956320314e+04
7.934096665797492082e-05 1.503253339790371501e+04
8.504489341802668747e-05 1.166238975113394008e+04
9.115888299750818402e-05 8.391004505474162215e+03
9.771241535346501675e-05 5.574883046887910496e+03
1.047370897959449686e-04 3.405618745050906455e+03
1.122667773510813578e-04 1.904867905923494845e+03
1.203377840777589337e-04 9.715088921935736153e+02
1.289890261253308021e-04 4.499735162617773767e+02
1.382622173764654864e-04 1.885282545522545945e+02
1.482020705798858503e-04 7.117973827726223135e+01
1.588565129428052810e-04 2.412799281458073253e+01
1.702769172225899476e-04 7.316795954151888104e+00
1.825183494319042592e-04 1.978166977123355874e+00
1.956398343517062703e-04 4.752396694132387522e-01
2.097046401323232709e-04 1.011332975147200414e-01
2.247805833548725178e-04 1.900596185797591084e-02
2.409403560239524325e-04 3.145141596858533686e-03
2.582618760682674902e-04 4.570281753199120192e-04
2.768286630392063972e-04 5.816374252864262891e-05
2.967302408188869536e-04 6.466628469191975665e-06
3.180625692794118915e-04 6.265903291835794923e-07
3.409285069746810937e-04 5.279431002363897797e-08
3.654383070957254701e-04 3.859741174516768648e-09
3.917101490809256391e-04 2.443535544279221002e-10
4.198707084443910179e-04 1.337031359566478343e-11
4.500557675700497698e-04 6.311767637562314734e-13
4.824108704165368721e-04 2.566385615396704539e-14
5.170920242896755517e-04 8.973889943413833409e-16
5.542664520663101490e-04 2.694673103386333381e-17
5.941133984965033281e-04 6.939529516623153345e-19
6.368249944718586218e-04 1.530875598646841803e-20
6.826071834272385728e-04 2.889886138549236430e-22
7.316807143427192690e-04 4.663997478094907595e-24
7.842822061337682274e-04 6.430474142686434258e-26
8.406652885618325121e-04 7.569625565702258803e-28
9.011018251665018231e-04 7.604433639897451614e-30
9.658832241158698054e-04 6.518025677247861942e-32
1.035321843295661671e-03 4.766575125681743510e-34
1.109752496412072130e-03 2.974540874348786658e-36
1.189534067370319513e-03 1.584695259268975642e-38
1.275051240713012809e-03 7.212590323091143156e-41
1.366716356462005988e-03 2.807333617978874146e-43
1.464971398307284749e-03 9.356961337928541198e-46
1.570290124729377445e-03 2.675171101789842311e-48
1.683180353330956556e-03 6.574361481300935080e-51
1.804186409392071833e-03 1.392311134169630701e-53
1.933891750455230159e-03 2.548562809242204478e-56
2.072921779595369735e-03 4.046127756774134518e-59
2.221946860939523916e-03 5.593738888724044600e-62
2.381685551976158062e-03 6.764698554572011952e-65
2.552908068239516468e-03 7.192491905201120338e-68
2.736439997074669155e-03 6.761288883612999196e-71
2.933166278390042427e-03 5.654020539949338626e-74
3.144035471591500111e-03 4.233775678699075081e-77
3.370064329271928172e-03 2.858803509400080523e-80
3.612342699709430310e-03 1.753520859345366324e-83
3.872038781812553020e-03 9.844288030993742651e-87
4.150404757850472380e-03 5.097009050273241410e-90
4.448782831127585241e-03 2.452356166329293029e-93
4.768611697714469390e-03 1.104498300942866793e-96
5.111433483440165799e-03 4.688782799139712430e-100
5.478901179593939109e-03 1.888087788892429036e-103
5.872786613189477124e-03 7.252611563472873560e-107
6.294988990221887619e-03 2.670284546722710635e-110
6.747544053110693212e-03 9.460033916006457901e-114
7.232633896483533706e-03 3.234161112323758702e-117
7.752597488629456302e-03 1.069067855022011975e-120
8.309941949353387078e-03 3.420261301487596527e-124
8.907354638610439843e-03 1.059217386165619936e-127
9.547716114208055702e-03 3.173306773287286191e-131
1.023411402105452693e-02 9.185166287669730552e-135
1.096985797892384082e-02 2.564053177413275795e-138
1.175849554052155709e-02 6.887652513515112938e-142
1.260382929679727468e-02 1.775943665818051242e-145
1.350993521198025175e-02 4.383525338720484817e-149
1.448118227674533021e-02 1.032823181289758238e-152
1.552225357427047987e-02 2.316256968053433813e-156
1.663816886076127308e-02 4.930120204659838663e-160
1.783430876931909465e-02 9.931369440810421043e-164
1.911644075385699609e-02 1.888186072599826261e-167
2.049074689815846145e-02 3.379166139176678552e-171
2.196385372416546911e-02 5.678024391532756980e-175
2.354286414322415491e-02 8.936249451848297518e-179
2.523539170434765944e-02 1.314279166754694624e-182
2.704959730463131484e-02 1.802422971395769558e-186
2.899422853882875281e-02 2.300298675253045462e-190
3.107866187782013997e-02 2.726785763377016089e-194
3.331294787934670210e-02 2.997066089386261969e-198
3.570785964900462933e-02 3.049414047828901990e-202
3.827494478516307169e-02 2.867891193247090075e-206
4.102658105827190066e-02 2.489656740617537299e-210
4.397603609302721400e-02 1.992514541916754806e-214
4.713753134116719506e-02 1.468422550252700483e-218
5.052631065335679711e-02 9.954858947150058251e-223
5.415871378079464837e-02 6.202152491044904223e-227
5.805225516094895954e-02 3.548138377534490274e-231
6.222570836730231120e-02 1.862399290430803651e-235
6.669919663030114687e-02 8.963044219962814615e-240
7.149428986597576585e-02 3.952531882423619136e-244
7.663410868007446142e-02 1.596197332071572971e-248
8.214343584919421570e-02 5.900225029485613581e-253
8.804883581643464796e-02 1.995371134680629209e-257
9.437878277775371694e-02 6.171275844391408274e-262
1.011637979766207007e-01 1.744874461759197455e-266
1.084365968689608717e-01 4.508686756408183979e-271
1.162322468679851811e-01 1.064404026328284364e-275
1.245883364295008178e-01 2.295203091766385790e-280
1.335451562929897418e-01 4.519535169464710321e-285
1.431458937523478470e-01 8.125223655065836261e-290
1.534368408930009975e-01 1.333418506649013621e-294
1.644676177994662813e-01 1.997177692661742601e-299
1.762914118095947891e-01 2.729752712221832743e-304
1.889652339691207661e-01 3.404321343889491698e-309
2.025501939230666404e-01 3.870751750033518086e-314
2.171117945694500950e-01 0.000000000000000000e+00
2.327202478960407328e-01 0.000000000000000000e+00
2.494508135230316670e-01 0.000000000000000000e+00
2.673841615839944175e-01 0.000000000000000000e+00
2.866067616948250185e-01 0.000000000000000000e+00
3.072112998861752931e-01 0.000000000000000000e+00
3.292971255097147942e-01 0.000000000000000000e+00
3.529707302730650254e-01 0.000000000000000000e+00
3.783462617131925221e-01 0.000000000000000000e+00
4.055460735840827891e-01 0.000000000000000000e+00
4.347013158125017651e-01 0.000000000000000000e+00
4.659525668664677434e-01 0.000000000000000000e+00
4.994505115855140120e-01 0.000000000000000000e+00
5.353566677410719343e-01 0.000000000000000000e+00
5.738441648302392561e-01 0.000000000000000000e+00
6.150985788580504154e-01 0.000000000000000000e+00
6.593188271333542128e-01 0.000000000000000000e+00
7.067181273927490848e-01 0.000000000000000000e+00
7.575250258771905054e-01 0.000000000000000000e+00
8.119844993184008874e-01 0.000000000000000000e+00
8.703591361485165656e-01 0.000000000000000000e+00
9.329304026284677143e-01 0.000000000000000000e+00
1.000000000000000000e+00 0.000000000000000000e+00
