# Posterior distribution for f, given N = 5 merger events at LIGO O3. PBH Mass: 0.5 M_sunPrior: jeffreys
# Columns: f, P(f|N)
9.999999999999999547e-07 1.282609478428536727e-37
1.071891319205128528e-06 2.568039985289340176e-37
1.148951000187308475e-06 5.141728055448611305e-37
1.231550603292826123e-06 1.029476432205693959e-36
1.320088400831416760e-06 2.061216911548920387e-36
1.414991297434575852e-06 4.126966719425081980e-36
1.516716888470924146e-06 8.263008817903989395e-36
1.625755666443793459e-06 1.654418752652898825e-35
1.742633386009650705e-06 3.312475300892544908e-35
1.867913599020780929e-06 6.632233807400931544e-35
2.002200371815584564e-06 1.327904920903834026e-34
2.146141197858405979e-06 2.658729186985166547e-34
2.300430119772916844e-06 5.323303094043360262e-34
2.465811075822603893e-06 1.065830763651284566e-33
2.643081486974102836e-06 2.134004207253778998e-33
2.833096101839324281e-06 4.272698529612633330e-33
3.036771118035460538e-06 8.554786743566046448e-33
3.255088599835056550e-06 1.712837163914108147e-32
3.489101213406773843e-06 3.429437687174985122e-32
3.739937302478793814e-06 6.866409489449198518e-32
4.008806328898464506e-06 1.374790186556911311e-31
4.297004704320844031e-06 2.752599851511981328e-31
4.605922041145103558e-06 5.511244394916951151e-31
4.937047852839003774e-06 1.103458949515975641e-30
5.291978735958436362e-06 2.209340271429982740e-30
5.672426068491977286e-06 4.423529677150416800e-30
6.080224261649427418e-06 8.856766239432827444e-30
6.517339604882419798e-06 1.773296312144616554e-29
6.985879746785248997e-06 3.550482047089559642e-29
7.488103857590030710e-06 7.108749350048096455e-29
8.026433522257174640e-06 1.423308163559844004e-28
8.603464416684508890e-06 2.849735310613802947e-28
9.221978823334321272e-06 5.705713184076353776e-28
9.884959046625586455e-06 1.142392024632108725e-27
1.059560179277614854e-05 2.287284477332358691e-27
1.135733358343105172e-05 4.579572896566484892e-27
1.217382727739661976e-05 9.169159358464154219e-27
1.304901978014401602e-05 1.835835611379998044e-26
1.398713102647238687e-05 3.675680509625949678e-26
1.499268432786047117e-05 7.359382656844711403e-26
1.607052818261638468e-05 1.473481347948677684e-25
1.722585965398787565e-05 2.950173029224473341e-25
1.846424942895542385e-05 5.906767500346175709e-25
1.979166867853557454e-05 1.182637802790763544e-24
2.121451784910627868e-05 2.367843922693517069e-24
2.273965752357927516e-05 4.740823188065356809e-24
2.437444150122221616e-05 9.491912864881118615e-24
2.612675225563326344e-05 1.900434666915749369e-23
2.800503894183631128e-05 3.804970290023798963e-23
3.001835813575592089e-05 7.618134164421391228e-23
3.217641750250735676e-05 1.525263461904738875e-22
3.448962260405759859e-05 3.053795049204886155e-22
3.696912707195024335e-05 6.114113913621198364e-22
3.962688638701478144e-05 1.224124566087334737e-21
4.247571552536893796e-05 2.450845620863767521e-21
4.552935074866947907e-05 4.906867520686479972e-21
4.880251583654433487e-05 9.824048420995144974e-21
5.231099308056257952e-05 1.966863208934429227e-20
5.607169938205458130e-05 3.937812169857306025e-20
6.010276782070387642e-05 7.883746425996275750e-20
6.442363508721369713e-05 1.578362263930683228e-19
6.905513520162330260e-05 3.159924062560849214e-19
7.401959996915637120e-05 6.326186260327581371e-19
7.934096665797492082e-05 1.266490846262264056e-18
8.504489341802668747e-05 2.535456600603063932e-18
9.115888299750818402e-05 5.075788830827345561e-18
9.771241535346501675e-05 1.016115855568926943e-17
1.047370897959449686e-04 2.034108790898813440e-17
1.122667773510813578e-04 4.071882053912732772e-17
1.203377840777589337e-04 8.150887406821667556e-17
1.289890261253308021e-04 1.631555004159149751e-16
1.382622173764654864e-04 3.265757037632247187e-16
1.482020705798858503e-04 6.536560664015895564e-16
1.588565129428052810e-04 1.308264764215420255e-15
1.702769172225899476e-04 2.618304962803781914e-15
1.825183494319042592e-04 5.239863487311722246e-15
1.956398343517062703e-04 1.048555334583712613e-14
2.097046401323232709e-04 2.098120087726526937e-14
2.247805833548725178e-04 4.197902229807638230e-14
2.409403560239524325e-04 8.398311934478873511e-14
2.582618760682674902e-04 1.679976992479878364e-13
2.768286630392063972e-04 3.360155570327037770e-13
2.967302408188869536e-04 6.719736060993447580e-13
3.180625692794118915e-04 1.343608466178011225e-12
3.409285069746810937e-04 2.686027918026753971e-12
3.654383070957254701e-04 5.368508728047896594e-12
3.917101490809256391e-04 1.072725250020817990e-11
4.198707084443910179e-04 2.142887703518111121e-11
4.500557675700497698e-04 4.279258320830805347e-11
4.824108704165368721e-04 8.542309594812138183e-11
5.170920242896755517e-04 1.704497654737580574e-10
5.542664520663101490e-04 3.399421607096777688e-10
5.941133984965033281e-04 6.775955895940701280e-10
6.368249944718586218e-04 1.349764699622818823e-09
6.826071834272385728e-04 2.686752119394277543e-09
7.316807143427192690e-04 5.343596219026908603e-09
7.842822061337682274e-04 1.061754855440560733e-08
8.406652885618325121e-04 2.107367840238019636e-08
9.011018251665018231e-04 4.177482727364068679e-08
9.658832241158698054e-04 8.269339097989826731e-08
1.035321843295661671e-03 1.634263564280836138e-07
1.109752496412072130e-03 3.223817220089076154e-07
1.189534067370319513e-03 6.346069360299647357e-07
1.275051240713012809e-03 1.246235791714757264e-06
1.366716356462005988e-03 2.440708556371002441e-06
1.464971398307284749e-03 4.765342487490159751e-06
1.570290124729377445e-03 9.271679341433250592e-06
1.683180353330956556e-03 1.796852075154726925e-05
1.804186409392071833e-03 3.466873845961651596e-05
1.933891750455230159e-03 6.655721299605484162e-05
2.072921779595369735e-03 1.270631766321981930e-04
2.221946860939523916e-03 2.410593003165728630e-04
2.381685551976158062e-03 4.541462525942644053e-04
2.552908068239516468e-03 8.489845600974616846e-04
2.736439997074669155e-03 1.573542114315976863e-03
2.933166278390042427e-03 2.889040247628579805e-03
3.144035471591500111e-03 5.249649479776504445e-03
3.370064329271928172e-03 9.431903619448669604e-03
3.612342699709430310e-03 1.673956550566824478e-02
3.872038781812553020e-03 2.931858897465669869e-02
4.150404757850472380e-03 5.062636309941575402e-02
4.448782831127585241e-03 8.610603594195369304e-02
4.768611697714469390e-03 1.441170029416320997e-01
5.111433483440165799e-03 2.371597691294139165e-01
5.478901179593939109e-03 3.833997600036673226e-01
5.872786613189477124e-03 6.084320214131440085e-01
6.294988990221887619e-03 9.471308864584871978e-01
6.747544053110693212e-03 1.445294781856348409e+00
7.232633896483533706e-03 2.160635387405192009e+00
7.752597488629456302e-03 3.162495807587535346e+00
8.309941949353387078e-03 4.529555823038344364e+00
8.907354638610439843e-03 6.344753968757112617e+00
9.547716114208055702e-03 8.686799860539622387e+00
1.023411402105452693e-02 1.161803866746818770e+01
1.096985797892384082e-02 1.516910919562186955e+01
1.175849554052155709e-02 1.932179198463621361e+01
1.260382929679727468e-02 2.399255844924422831e+01
1.350993521198025175e-02 2.902036580267476396e+01
1.448118227674533021e-02 3.416283935160577556e+01
1.552225357427047987e-02 3.910473778427392944e+01
1.663816886076127308e-02 4.348118089766098393e+01
1.783430876931909465e-02 4.691545585787670092e+01
1.911644075385699609e-02 4.906763944060897842e+01
2.049074689815846145e-02 4.968658045341521756e+01
2.196385372416546911e-02 4.865512773177876937e+01
2.354286414322415491e-02 4.601803214962018984e+01
2.523539170434765944e-02 4.198441244522312843e+01
2.704959730463131484e-02 3.690188803252934235e+01
2.899422853882875281e-02 3.120623327033772654e+01
3.107866187782013997e-02 2.535669973045729009e+01
3.331294787934670210e-02 1.977088640872572611e+01
3.570785964900462933e-02 1.477285381326635516e+01
3.827494478516307169e-02 1.056408375630529939e+01
4.102658105827190066e-02 7.220316483636626259e+00
4.397603609302721400e-02 4.710538676126378554e+00
4.713753134116719506e-02 2.929642073958020454e+00
5.052631065335679711e-02 1.734746376587531946e+00
5.415871378079464837e-02 9.767690030801217116e-01
5.805225516094895954e-02 5.223353841498287187e-01
6.222570836730231120e-02 2.649640837280675676e-01
6.669919663030114687e-02 1.273487117947919578e-01
7.149428986597576585e-02 5.792610650114910636e-02
7.663410868007446142e-02 2.349002479511434413e-02
8.214343584919421570e-02 9.899247773054167462e-03
8.804883581643464796e-02 4.060061750546159302e-03
9.437878277775371694e-02 1.581437460274178570e-03
1.011637979766207007e-01 5.652387149181978005e-04
1.084365968689608717e-01 1.795277344243293122e-04
1.162322468679851811e-01 4.950795802692059029e-05
1.245883364295008178e-01 1.174737815373544844e-05
1.335451562929897418e-01 2.448520650597544144e-06
1.431458937523478470e-01 4.892064348215527728e-07
1.534368408930009975e-01 1.100310504611633266e-07
1.644676177994662813e-01 2.975511135130244453e-08
1.762914118095947891e-01 8.469479164594980836e-09
1.889652339691207661e-01 2.198235713350154033e-09
2.025501939230666404e-01 4.849319156317035131e-10
2.171117945694500950e-01 8.796662903335548324e-11
2.327202478960407328e-01 1.281903835369811422e-11
2.494508135230316670e-01 1.466992480234475260e-12
2.673841615839944175e-01 1.286622948722174844e-13
2.866067616948250185e-01 8.426546341866050765e-15
3.072112998861752931e-01 4.036414456070537335e-16
3.292971255097147942e-01 1.510138230007807067e-17
3.529707302730650254e-01 8.988371311711925753e-19
3.783462617131925221e-01 1.698736617629106092e-19
4.055460735840827891e-01 3.820711598894127429e-20
4.347013158125017651e-01 7.242236443874972450e-21
4.659525668664677434e-01 1.108765962238485653e-21
4.994505115855140120e-01 1.340442930186245348e-22
5.353566677410719343e-01 1.249558744185509131e-23
5.738441648302392561e-01 8.749779767219402476e-25
6.150985788580504154e-01 4.471567645915723337e-26
6.593188271333542128e-01 1.615765052593225440e-27
7.067181273927490848e-01 3.986606483806577114e-29
7.575250258771905054e-01 6.463468471898412127e-31
8.119844993184008874e-01 6.601194753619516741e-33
8.703591361485165656e-01 4.054078745769948447e-35
9.329304026284677143e-01 1.422552508506316770e-37
1.000000000000000000e+00 2.696018779673839133e-40
