# Posterior distribution for f, given N = 1 merger events at LIGO O3. PBH Mass: 0.5 M_sunPrior: log-flat
# Columns: f, P(f|N)
9.999999999999999547e-07 4.702659328273898348e-02
1.071891319205128528e-06 5.040739113095517310e-02
1.148951000187308475e-06 5.403123807925202388e-02
1.231550603292826123e-06 5.791560710534421341e-02
1.320088400831416760e-06 6.207922731968987251e-02
1.414991297434575852e-06 6.654217426682712544e-02
1.516716888470924146e-06 7.132596671796648247e-02
1.625755666443793459e-06 7.645367042138719038e-02
1.742633386009650705e-06 8.195000931071852457e-02
1.867913599020780929e-06 8.784148470710531620e-02
2.002200371815584564e-06 9.415650308976129812e-02
2.146141197858405979e-06 1.009255130506806902e-01
2.300430119772916844e-06 1.081811520935126586e-01
2.465811075822603893e-06 1.159584039839879344e-01
2.643081486974102836e-06 1.242947674100880057e-01
2.833096101839324281e-06 1.332304367645841259e-01
3.036771118035460538e-06 1.428084959209074412e-01
3.255088599835056550e-06 1.530751259357985561e-01
3.489101213406773843e-06 1.640798276791985422e-01
3.739937302478793814e-06 1.758756604635858256e-01
4.008806328898464506e-06 1.885194978218639461e-01
4.297004704320844031e-06 2.020723016652929416e-01
4.605922041145103558e-06 2.165994161412242713e-01
4.937047852839003774e-06 2.321708826049262708e-01
5.291978735958436362e-06 2.488617772210538204e-01
5.672426068491977286e-06 2.667525728188387402e-01
6.080224261649427418e-06 2.859295267411319785e-01
6.517339604882419798e-06 3.064850965519349546e-01
6.985879746785248997e-06 3.285183856000923330e-01
7.488103857590030710e-06 3.521356205794682892e-01
8.026433522257174640e-06 3.774506633784368570e-01
8.603464416684508890e-06 4.045855596747691685e-01
9.221978823334321272e-06 4.336711269065960384e-01
9.884959046625586455e-06 4.648475844369480692e-01
1.059560179277614854e-05 4.982652289289452030e-01
1.135733358343105172e-05 5.340851581620869037e-01
1.217382727739661976e-05 5.724800467480637423e-01
1.304901978014401602e-05 6.136349774477296570e-01
1.398713102647238687e-05 6.577483320506424258e-01
1.499268432786047117e-05 7.050327460553125203e-01
1.607052818261638468e-05 7.557161316832895492e-01
1.722585965398787565e-05 8.100427740744147176e-01
1.846424942895542385e-05 8.682745058440878294e-01
1.979166867853557454e-05 9.306919655383287804e-01
2.121451784910627868e-05 9.975959458983928441e-01
2.273965752357927516e-05 1.069308838244645621e+00
2.437444150122221616e-05 1.146176179710531873e+00
2.612675225563326344e-05 1.228568310500373961e+00
2.800503894183631128e-05 1.316882148811251207e+00
3.001835813575592089e-05 1.411543091547763584e+00
3.217641750250735676e-05 1.513007049467483212e+00
3.448962260405759859e-05 1.621762625924945134e+00
3.696912707195024335e-05 1.738333448927985803e+00
3.962688638701478144e-05 1.863280666780340988e+00
4.247571552536893796e-05 1.997205618153195861e+00
4.552935074866947907e-05 2.140752687999293524e+00
4.880251583654433487e-05 2.294612361286662239e+00
5.231099308056257952e-05 2.459524487076403254e+00
5.607169938205458130e-05 2.636281765981306258e+00
6.010276782070387642e-05 2.825733474504028564e+00
6.442363508721369713e-05 3.028789440140688072e+00
6.905513520162330260e-05 3.246424281415842827e+00
7.401959996915637120e-05 3.479681927151343945e+00
7.934096665797492082e-05 3.729680429218265036e+00
8.504489341802668747e-05 3.997617082713925019e+00
9.115888299750818402e-05 4.284773866875563719e+00
9.771241535346501675e-05 4.592523218994190692e+00
1.047370897959449686e-04 4.922334152009974595e+00
1.122667773510813578e-04 5.275778724217913940e+00
1.203377840777589337e-04 5.654538866410088183e+00
1.289890261253308021e-04 6.060413567616095953e+00
1.382622173764654864e-04 6.495326415113443552e+00
1.482020705798858503e-04 6.961333477235627676e+00
1.588565129428052810e-04 7.460631508319262473e+00
1.702769172225899476e-04 7.995566443409927615e+00
1.825183494319042592e-04 8.568642135505550428e+00
1.956398343517062703e-04 9.182529269437264219e+00
2.097046401323232709e-04 9.840074363103623156e+00
2.247805833548725178e-04 1.054430873763241472e+01
2.409403560239524325e-04 1.129845730189371800e+01
2.582618760682674902e-04 1.210594695211027272e+01
2.768286630392063972e-04 1.297041433231407304e+01
2.967302408188869536e-04 1.389571263396166323e+01
3.180625692794118915e-04 1.488591703064299665e+01
3.409285069746810937e-04 1.594532824361323264e+01
3.654383070957254701e-04 1.707847361249969964e+01
3.917101490809256391e-04 1.829010489924959515e+01
4.198707084443910179e-04 1.958519187798856720e+01
4.500557675700497698e-04 2.096891055448328345e+01
4.824108704165368721e-04 2.244662461167354905e+01
5.170920242896755517e-04 2.402385838772073257e+01
5.542664520663101490e-04 2.570625935625905356e+01
5.941133984965033281e-04 2.749954769231924345e+01
6.368249944718586218e-04 2.940945007134778777e+01
6.826071834272385728e-04 3.144161436622882988e+01
7.316807143427192690e-04 3.360150138740134906e+01
7.842822061337682274e-04 3.589424927182510316e+01
8.406652885618325121e-04 3.832450559762452258e+01
9.011018251665018231e-04 4.089622182959033125e+01
9.658832241158698054e-04 4.361240435569315821e+01
1.035321843295661671e-03 4.647481625491200674e+01
1.109752496412072130e-03 4.948362417687482662e+01
1.189534067370319513e-03 5.263698549198245757e+01
1.275051240713012809e-03 5.593057241271864655e+01
1.366716356462005988e-03 5.935703236674772398e+01
1.464971398307284749e-03 6.290538783400567979e+01
1.570290124729377445e-03 6.656038447466669083e+01
1.683180353330956556e-03 7.030180397873036213e+01
1.804186409392071833e-03 7.410376787051595215e+01
1.933891750455230159e-03 7.793407051047911693e+01
2.072921779595369735e-03 8.175359341754443676e+01
2.221946860939523916e-03 8.551586794126984614e+01
2.381685551976158062e-03 8.916686771545809620e+01
2.552908068239516468e-03 9.264512388475624505e+01
2.736439997074669155e-03 9.588226165839412829e+01
2.933166278390042427e-03 9.880405254571411433e+01
3.144035471591500111e-03 1.013320588075029463e+02
3.370064329271928172e-03 1.033859121348091463e+02
3.612342699709430310e-03 1.048862162198116579e+02
3.872038781812553020e-03 1.057579948122816518e+02
4.150404757850472380e-03 1.059345293379859498e+02
4.448782831127585241e-03 1.053613537584135997e+02
4.768611697714469390e-03 1.040001127242372121e+02
5.111433483440165799e-03 1.018319562778604137e+02
5.478901179593939109e-03 9.886015114001936865e+01
5.872786613189477124e-03 9.511163870344066140e+01
6.294988990221887619e-03 9.063735772959334724e+01
6.747544053110693212e-03 8.551126107977464130e+01
7.232633896483533706e-03 7.982807097258998397e+01
7.752597488629456302e-03 7.369991686797339980e+01
8.309941949353387078e-03 6.725207068913898922e+01
8.907354638610439843e-03 6.061803177243501750e+01
9.547716114208055702e-03 5.393422432447761139e+01
1.023411402105452693e-02 4.733456510374137594e+01
1.096985797892384082e-02 4.094515115938373384e+01
1.175849554052155709e-02 3.487931488881957875e+01
1.260382929679727468e-02 2.923329680271957542e+01
1.350993521198025175e-02 2.408278763488894825e+01
1.448118227674533021e-02 1.948057801162990188e+01
1.552225357427047987e-02 1.545551251304831908e+01
1.663816886076127308e-02 1.201286707244811680e+01
1.783430876931909465e-02 9.136154687744244995e+00
1.911644075385699609e-02 6.790225669622322435e+00
2.049074689815846145e-02 4.925386199624207428e+00
2.196385372416546911e-02 3.482139449148587751e+00
2.354286414322415491e-02 2.396082634596948147e+00
2.523539170434765944e-02 1.602488922034160712e+00
2.704959730463131484e-02 1.040169174618870374e+00
2.899422853882875281e-02 6.543336675690447635e-01
3.107866187782013997e-02 3.983330642498603136e-01
3.331294787934670210e-02 2.343191034074440238e-01
3.570785964900462933e-02 1.329979024439410795e-01
3.827494478516307169e-02 7.273110140178867811e-02
4.102658105827190066e-02 3.826477697887580021e-02
4.397603609302721400e-02 1.908733792453613104e-02
4.713753134116719506e-02 9.189580261144608686e-03
5.052631065335679711e-02 4.243586770106962287e-03
5.415871378079464837e-02 1.883342534584448195e-03
5.805225516094895954e-02 8.055455270901982698e-04
6.222570836730231120e-02 3.326745165424869317e-04
6.669919663030114687e-02 1.324481946368510324e-04
7.149428986597576585e-02 5.048584630349824370e-05
7.663410868007446142e-02 1.819921918041132839e-05
8.214343584919421570e-02 6.108529058294234891e-06
8.804883581643464796e-02 1.879377724548999151e-06
9.437878277775371694e-02 5.234941550137419669e-07
1.011637979766207007e-01 1.314184554395801908e-07
1.084365968689608717e-01 3.008062069969139515e-08
1.162322468679851811e-01 6.542054809465295448e-09
1.245883364295008178e-01 1.456709944073694293e-09
1.335451562929897418e-01 3.531358812223950833e-10
1.431458937523478470e-01 9.114035238590183541e-11
1.534368408930009975e-01 2.305167895331614323e-11
1.644676177994662813e-01 5.316363238632820242e-12
1.762914118095947891e-01 1.071429575065469010e-12
1.889652339691207661e-01 1.839339228524486660e-13
2.025501939230666404e-01 2.637223148809667064e-14
2.171117945694500950e-01 3.098521117680950397e-15
2.327202478960407328e-01 2.923949751983426031e-16
2.494508135230316670e-01 2.170471756172598200e-17
2.673841615839944175e-01 1.248389279803898670e-18
2.866067616948250185e-01 5.809729874417660308e-20
3.072112998861752931e-01 3.269034322338249859e-21
3.292971255097147942e-01 4.395282577948370843e-22
3.529707302730650254e-01 8.533873650659487635e-23
3.783462617131925221e-01 1.513046829844130323e-23
4.055460735840827891e-01 2.259317185359899102e-24
4.347013158125017651e-01 2.777233293143548029e-25
4.659525668664677434e-01 2.754922099582932591e-26
4.994505115855140120e-01 2.158127865459986474e-27
5.353566677410719343e-01 1.303725427635043513e-28
5.738441648302392561e-01 5.916547652647654604e-30
6.150985788580504154e-01 1.959809170436819255e-31
6.593188271333542128e-01 4.590454651673110757e-33
7.067181273927490848e-01 7.342518158672532162e-35
7.575250258771905054e-01 7.718129686941756957e-37
8.119844993184008874e-01 5.111100078616216650e-39
8.703591361485165656e-01 2.035495488373877988e-41
9.329304026284677143e-01 4.632051412937645111e-44
1.000000000000000000e+00 5.693969172521864185e-47
