# Posterior distribution for f, given N = 19000 merger events in ET. PBH Mass: 10.0 M_sunPrior: log-flat
# Columns: f, P(f|N)
9.999999999999999547e-07 0.000000000000000000e+00
1.071891319205128528e-06 0.000000000000000000e+00
1.148951000187308475e-06 0.000000000000000000e+00
1.231550603292826123e-06 0.000000000000000000e+00
1.320088400831416760e-06 0.000000000000000000e+00
1.414991297434575852e-06 0.000000000000000000e+00
1.516716888470924146e-06 0.000000000000000000e+00
1.625755666443793459e-06 0.000000000000000000e+00
1.742633386009650705e-06 0.000000000000000000e+00
1.867913599020780929e-06 0.000000000000000000e+00
2.002200371815584564e-06 0.000000000000000000e+00
2.146141197858405979e-06 0.000000000000000000e+00
2.300430119772916844e-06 0.000000000000000000e+00
2.465811075822603893e-06 0.000000000000000000e+00
2.643081486974102836e-06 0.000000000000000000e+00
2.833096101839324281e-06 0.000000000000000000e+00
3.036771118035460538e-06 0.000000000000000000e+00
3.255088599835056550e-06 0.000000000000000000e+00
3.489101213406773843e-06 0.000000000000000000e+00
3.739937302478793814e-06 0.000000000000000000e+00
4.008806328898464506e-06 0.000000000000000000e+00
4.297004704320844031e-06 0.000000000000000000e+00
4.605922041145103558e-06 0.000000000000000000e+00
4.937047852839003774e-06 0.000000000000000000e+00
5.291978735958436362e-06 0.000000000000000000e+00
5.672426068491977286e-06 0.000000000000000000e+00
6.080224261649427418e-06 0.000000000000000000e+00
6.517339604882419798e-06 0.000000000000000000e+00
6.985879746785248997e-06 0.000000000000000000e+00
7.488103857590030710e-06 0.000000000000000000e+00
8.026433522257174640e-06 0.000000000000000000e+00
8.603464416684508890e-06 0.000000000000000000e+00
9.221978823334321272e-06 0.000000000000000000e+00
9.884959046625586455e-06 0.000000000000000000e+00
1.059560179277614854e-05 0.000000000000000000e+00
1.135733358343105172e-05 0.000000000000000000e+00
1.217382727739661976e-05 0.000000000000000000e+00
1.304901978014401602e-05 0.000000000000000000e+00
1.398713102647238687e-05 0.000000000000000000e+00
1.499268432786047117e-05 0.000000000000000000e+00
1.607052818261638468e-05 0.000000000000000000e+00
1.722585965398787565e-05 0.000000000000000000e+00
1.846424942895542385e-05 0.000000000000000000e+00
1.979166867853557454e-05 0.000000000000000000e+00
2.121451784910627868e-05 0.000000000000000000e+00
2.273965752357927516e-05 0.000000000000000000e+00
2.437444150122221616e-05 0.000000000000000000e+00
2.612675225563326344e-05 0.000000000000000000e+00
2.800503894183631128e-05 0.000000000000000000e+00
3.001835813575592089e-05 0.000000000000000000e+00
3.217641750250735676e-05 0.000000000000000000e+00
3.448962260405759859e-05 0.000000000000000000e+00
3.696912707195024335e-05 0.000000000000000000e+00
3.962688638701478144e-05 0.000000000000000000e+00
4.247571552536893796e-05 0.000000000000000000e+00
4.552935074866947907e-05 0.000000000000000000e+00
4.880251583654433487e-05 0.000000000000000000e+00
5.231099308056257952e-05 0.000000000000000000e+00
5.607169938205458130e-05 0.000000000000000000e+00
6.010276782070387642e-05 0.000000000000000000e+00
6.442363508721369713e-05 0.000000000000000000e+00
6.905513520162330260e-05 0.000000000000000000e+00
7.401959996915637120e-05 0.000000000000000000e+00
7.934096665797492082e-05 0.000000000000000000e+00
8.504489341802668747e-05 0.000000000000000000e+00
9.115888299750818402e-05 0.000000000000000000e+00
9.771241535346501675e-05 0.000000000000000000e+00
1.047370897959449686e-04 0.000000000000000000e+00
1.122667773510813578e-04 0.000000000000000000e+00
1.203377840777589337e-04 0.000000000000000000e+00
1.289890261253308021e-04 0.000000000000000000e+00
1.382622173764654864e-04 0.000000000000000000e+00
1.482020705798858503e-04 0.000000000000000000e+00
1.588565129428052810e-04 0.000000000000000000e+00
1.702769172225899476e-04 0.000000000000000000e+00
1.825183494319042592e-04 0.000000000000000000e+00
1.956398343517062703e-04 0.000000000000000000e+00
2.097046401323232709e-04 0.000000000000000000e+00
2.247805833548725178e-04 0.000000000000000000e+00
2.409403560239524325e-04 0.000000000000000000e+00
2.582618760682674902e-04 0.000000000000000000e+00
2.768286630392063972e-04 0.000000000000000000e+00
2.967302408188869536e-04 0.000000000000000000e+00
3.180625692794118915e-04 0.000000000000000000e+00
3.409285069746810937e-04 0.000000000000000000e+00
3.654383070957254701e-04 0.000000000000000000e+00
3.917101490809256391e-04 0.000000000000000000e+00
4.198707084443910179e-04 0.000000000000000000e+00
4.500557675700497698e-04 0.000000000000000000e+00
4.824108704165368721e-04 0.000000000000000000e+00
5.170920242896755517e-04 0.000000000000000000e+00
5.542664520663101490e-04 0.000000000000000000e+00
5.941133984965033281e-04 0.000000000000000000e+00
6.368249944718586218e-04 0.000000000000000000e+00
6.826071834272385728e-04 0.000000000000000000e+00
7.316807143427192690e-04 0.000000000000000000e+00
7.842822061337682274e-04 0.000000000000000000e+00
8.406652885618325121e-04 0.000000000000000000e+00
9.011018251665018231e-04 0.000000000000000000e+00
9.658832241158698054e-04 0.000000000000000000e+00
1.035321843295661671e-03 0.000000000000000000e+00
1.109752496412072130e-03 0.000000000000000000e+00
1.189534067370319513e-03 0.000000000000000000e+00
1.275051240713012809e-03 0.000000000000000000e+00
1.366716356462005988e-03 0.000000000000000000e+00
1.464971398307284749e-03 0.000000000000000000e+00
1.570290124729377445e-03 0.000000000000000000e+00
1.683180353330956556e-03 0.000000000000000000e+00
1.804186409392071833e-03 0.000000000000000000e+00
1.933891750455230159e-03 0.000000000000000000e+00
2.072921779595369735e-03 2.247884348950140478e-149
2.221946860939523916e-03 8.160986654664392045e-19
2.381685551976158062e-03 2.307148443093942364e-03
2.552908068239516468e-03 1.613917368457114254e-02
2.736439997074669155e-03 1.016708215976120343e-02
2.933166278390042427e-03 6.576328458339704142e-01
3.144035471591500111e-03 2.886965968836046947e+00
3.370064329271928172e-03 1.038182659552179210e+01
3.612342699709430310e-03 3.068662267317819570e+01
3.872038781812553020e-03 7.483632565088836941e+01
4.150404757850472380e-03 1.512097680631117100e+02
4.448782831127585241e-03 2.542891449740133396e+02
4.768611697714469390e-03 3.576648962558360836e+02
5.111433483440165799e-03 4.229265603397955147e+02
5.478901179593939109e-03 4.226914292084216527e+02
5.872786613189477124e-03 3.590352579724700490e+02
6.294988990221887619e-03 2.606209227261178967e+02
6.747544053110693212e-03 1.625632645290882579e+02
7.232633896483533706e-03 8.759915206960758383e+01
7.752597488629456302e-03 4.098933043285884281e+01
8.309941949353387078e-03 1.673551690143989745e+01
8.907354638610439843e-03 5.989068993359408566e+00
9.547716114208055702e-03 4.145861821898647742e-02
1.023411402105452693e-02 5.248327890085620062e-01
1.096985797892384082e-02 1.294160896158131902e-01
1.175849554052155709e-02 4.653393462221131621e-02
1.260382929679727468e-02 8.739582468677538699e-03
1.350993521198025175e-02 2.807887753300631305e-03
1.448118227674533021e-02 3.938840771731807132e-04
1.552225357427047987e-02 1.835673819616844690e-05
1.663816886076127308e-02 3.334787596624132978e-06
1.783430876931909465e-02 2.712444949444831171e-07
1.911644075385699609e-02 4.835989564228388876e-08
2.049074689815846145e-02 5.748997951592673887e-10
2.196385372416546911e-02 1.289550177830014379e-10
2.354286414322415491e-02 7.429259072859328531e-13
2.523539170434765944e-02 1.365244936362111110e-14
2.704959730463131484e-02 1.206807312919380064e-14
2.899422853882875281e-02 3.645677446922656936e-15
3.107866187782013997e-02 2.231007920241438392e-16
3.331294787934670210e-02 1.470880343390687650e-17
3.570785964900462933e-02 5.115756659487523084e-19
3.827494478516307169e-02 2.837696114680046952e-20
4.102658105827190066e-02 2.761073705334428009e-22
4.397603609302721400e-02 5.829394016861809021e-25
4.713753134116719506e-02 1.609864647280650705e-25
5.052631065335679711e-02 4.865601615114088403e-27
5.415871378079464837e-02 1.743441157205192726e-28
5.805225516094895954e-02 7.911268854953332501e-31
6.222570836730231120e-02 1.351621081315847093e-32
6.669919663030114687e-02 1.226385185373126485e-33
7.149428986597576585e-02 7.799426000612744687e-36
7.663410868007446142e-02 5.329594770961323952e-38
8.214343584919421570e-02 5.146956026329540328e-40
8.804883581643464796e-02 3.410666336924917935e-42
9.437878277775371694e-02 2.923222999135769587e-44
1.011637979766207007e-01 2.201617770943661671e-47
1.084365968689608717e-01 1.430124030020340758e-48
1.162322468679851811e-01 6.593660282244513432e-50
1.245883364295008178e-01 1.786062729489276696e-52
1.335451562929897418e-01 1.294620475379134708e-54
1.431458937523478470e-01 2.692650694729359379e-57
1.534368408930009975e-01 1.678902875516941282e-59
1.644676177994662813e-01 1.180881258336745883e-63
1.762914118095947891e-01 3.865229982562761570e-66
1.889652339691207661e-01 4.052291583710994465e-67
2.025501939230666404e-01 3.120172787886264921e-69
2.171117945694500950e-01 5.311340906932730656e-72
2.327202478960407328e-01 4.789956982448062584e-75
2.494508135230316670e-01 1.059427653217098363e-77
2.673841615839944175e-01 1.875012519632248876e-81
2.866067616948250185e-01 3.082491362770581031e-85
3.072112998861752931e-01 3.960279597126613374e-87
3.292971255097147942e-01 1.209540861496900399e-88
3.529707302730650254e-01 1.341267806917736935e-91
3.783462617131925221e-01 1.079614206861997895e-94
4.055460735840827891e-01 5.774289732806269790e-98
4.347013158125017651e-01 4.490687670356845123e-101
4.659525668664677434e-01 7.932125862263899826e-106
4.994505115855140120e-01 2.609842240271867591e-109
5.353566677410719343e-01 8.889213071704639944e-111
5.738441648302392561e-01 2.071971135466176989e-113
6.150985788580504154e-01 7.376478395985095211e-117
6.593188271333542128e-01 1.301536204873685713e-120
7.067181273927490848e-01 5.739796036387317623e-124
7.575250258771905054e-01 2.212393914660047527e-128
8.119844993184008874e-01 7.006413909655548131e-133
8.703591361485165656e-01 2.630233856567275936e-135
9.329304026284677143e-01 1.279606779785945960e-137
1.000000000000000000e+00 2.090398840717799045e-141
