# Posterior distribution for f, given N = 3 merger events at LIGO O3. PBH Mass: 0.5 M_sunPrior: jeffreys
# Columns: f, P(f|N)
9.999999999999999547e-07 1.778512825972730549e-21
1.071891319205128528e-06 2.697499603492692572e-21
1.148951000187308475e-06 4.091341842804885287e-21
1.231550603292826123e-06 6.205405048739774007e-21
1.320088400831416760e-06 9.411839016844509179e-21
1.414991297434575852e-06 1.427508928516204764e-20
1.516716888470924146e-06 2.165125937566360002e-20
1.625755666443793459e-06 3.283881504681538461e-20
1.742633386009650705e-06 4.980715975444210963e-20
1.867913599020780929e-06 7.554331854680244692e-20
2.002200371815584564e-06 1.145777587831234945e-19
2.146141197858405979e-06 1.737819103152377980e-19
2.300430119772916844e-06 2.635777762067995714e-19
2.465811075822603893e-06 3.997725671026951298e-19
2.643081486974102836e-06 6.063413178380162082e-19
2.833096101839324281e-06 9.196473219514155143e-19
3.036771118035460538e-06 1.394843324348773637e-18
3.255088599835056550e-06 2.115580299207943939e-18
3.489101213406773843e-06 3.208732885983506878e-18
3.739937302478793814e-06 4.866733655237900186e-18
4.008806328898464506e-06 7.381447781838947735e-18
4.297004704320844031e-06 1.119555119396276204e-17
4.605922041145103558e-06 1.698045644881737668e-17
4.937047852839003774e-06 2.575450384418446897e-17
5.291978735958436362e-06 3.906222324585697942e-17
5.672426068491977286e-06 5.924622249230456679e-17
6.080224261649427418e-06 8.985956341632725630e-17
6.517339604882419798e-06 1.362912166862901682e-16
6.985879746785248997e-06 2.067146950311199248e-16
7.488103857590030710e-06 3.135268534891896800e-16
8.026433522257174640e-06 4.755301291272956391e-16
8.603464416684508890e-06 7.212423594194829103e-16
9.221978823334321272e-06 1.093916803999134519e-15
9.884959046625586455e-06 1.659156037035860324e-15
1.059560179277614854e-05 2.516459967411797736e-15
1.135733358343105172e-05 3.816740750824973019e-15
1.217382727739661976e-05 5.788887676982568091e-15
1.304901978014401602e-05 8.780058121484983788e-15
1.398713102647238687e-05 1.331678674098112818e-14
1.499268432786047117e-05 2.019766952755054585e-14
1.607052818261638468e-05 3.063393710796327858e-14
1.722585965398787565e-05 4.646266099280173156e-14
1.846424942895542385e-05 7.047012095910259694e-14
1.979166867853557454e-05 1.068822514869213644e-13
2.121451784910627868e-05 1.621084927283210151e-13
2.273965752357927516e-05 2.458699724198653693e-13
2.437444150122221616e-05 3.729105887271876269e-13
2.612675225563326344e-05 5.655921543670784813e-13
2.800503894183631128e-05 8.578303530059165798e-13
3.001835813575592089e-05 1.301064229077910681e-12
3.217641750250735676e-05 1.973309803362699303e-12
3.448962260405759859e-05 2.992891146924749723e-12
3.696912707195024335e-05 4.539265345537768173e-12
3.962688638701478144e-05 6.884606052279569441e-12
4.247571552536893796e-05 1.044170334589053859e-11
4.552935074866947907e-05 1.583660836687971472e-11
4.880251583654433487e-05 2.401880460301026821e-11
5.231099308056257952e-05 3.642828933100424970e-11
5.607169938205458130e-05 5.524895940308332557e-11
6.010276782070387642e-05 8.379287527497965208e-11
6.442363508721369713e-05 1.270829941904280391e-10
6.905513520162330260e-05 1.927368628883277513e-10
7.401959996915637120e-05 2.923066740937735652e-10
7.934096665797492082e-05 4.433113142294141625e-10
8.504489341802668747e-05 6.723176500477527088e-10
9.115888299750818402e-05 1.019612669475018100e-09
9.771241535346501675e-05 1.546287559780176680e-09
1.047370897959449686e-04 2.344978393668837149e-09
1.122667773510813578e-04 3.556150061816658018e-09
1.203377840777589337e-04 5.392782919269070789e-09
1.289890261253308021e-04 8.177795641150294776e-09
1.382622173764654864e-04 1.240077090949855411e-08
1.482020705798858503e-04 1.880393314935590278e-08
1.588565129428052810e-04 2.851245031613535933e-08
1.702769172225899476e-04 4.323188829436753073e-08
1.825183494319042592e-04 6.554738802271872315e-08
1.956398343517062703e-04 9.937690434163768927e-08
2.097046401323232709e-04 1.506577271242235364e-07
2.247805833548725178e-04 2.283861578492980240e-07
2.409403560239524325e-04 3.461916670106320274e-07
2.582618760682674902e-04 5.247197063567228916e-07
2.768286630392063972e-04 7.952375570369082941e-07
2.967302408188869536e-04 1.205089179935896589e-06
3.180625692794118915e-04 1.825944099935879871e-06
3.409285069746810937e-04 2.766266090530622637e-06
3.654383070957254701e-04 4.190151039294478713e-06
3.917101490809256391e-04 6.345771354032113070e-06
4.198707084443910179e-04 9.608297970848590666e-06
4.500557675700497698e-04 1.454462052844222359e-05
4.824108704165368721e-04 2.201085265748555246e-05
5.170920242896755517e-04 3.329908628183295008e-05
5.542664520663101490e-04 5.035802178113762484e-05
5.941133984965033281e-04 7.612423503357878597e-05
6.368249944718586218e-04 1.150188247487064655e-04
6.826071834272385728e-04 1.736907387196926205e-04
7.316807143427192690e-04 2.621271321876371581e-04
7.842822061337682274e-04 3.953082757257189803e-04
8.406652885618325121e-04 5.956677382046955335e-04
9.011018251665018231e-04 8.967389051300097939e-04
9.658832241158698054e-04 1.348541601215997318e-03
1.035321843295661671e-03 2.025508253829871267e-03
1.109752496412072130e-03 3.038081935319897255e-03
1.189534067370319513e-03 4.549682768000094281e-03
1.275051240713012809e-03 6.801162104862155770e-03
1.366716356462005988e-03 1.014611585857283158e-02
1.464971398307284749e-03 1.510124058397483392e-02
1.570290124729377445e-03 2.241759383076744397e-02
1.683180353330956556e-03 3.318037355258850185e-02
1.804186409392071833e-03 4.894695403307999099e-02
1.933891750455230159e-03 7.193518906841046834e-02
2.072921779595369735e-03 1.052761241751625360e-01
2.221946860939523916e-03 1.533467067484998170e-01
2.381685551976158062e-03 2.221979821111845776e-01
2.552908068239516468e-03 3.200913638365798231e-01
2.736439997074669155e-03 4.581482309490007010e-01
2.933166278390042427e-03 6.511044084935849741e-01
3.144035471591500111e-03 9.181392176815189599e-01
3.370064329271928172e-03 1.283717345876779437e+00
3.612342699709430310e-03 1.778341109027526734e+00
3.872038781812553020e-03 2.439063116464500691e+00
4.150404757850472380e-03 3.309560790780381012e+00
4.448782831127585241e-03 4.439534039957451661e+00
4.768611697714469390e-03 5.883168262502946000e+00
5.111433483440165799e-03 7.696420974385730140e+00
5.478901179593939109e-03 9.932954723012255016e+00
5.872786613189477124e-03 1.263866023285604712e+01
6.294988990221887619e-03 1.584489311916649257e+01
6.747544053110693212e-03 1.956077677760858080e+01
7.232633896483533706e-03 2.376518477058050038e+01
7.752597488629456302e-03 2.839927965265900767e+01
8.309941949353387078e-03 3.336071341992040828e+01
8.907354638610439843e-03 3.850074003181067894e+01
9.547716114208055702e-03 4.362549750388281211e+01
1.023411402105452693e-02 4.850252832743184683e+01
1.096985797892384082e-02 5.287317407334367658e+01
1.175849554052155709e-02 5.647078267123170292e+01
1.260382929679727468e-02 5.904373636181847473e+01
1.350993521198025175e-02 6.038124894752342442e+01
1.448118227674533021e-02 6.033887790023479880e+01
1.552225357427047987e-02 5.885999950162469929e+01
1.663816886076127308e-02 5.598936839616420968e+01
1.783430876931909465e-02 5.187552976715442554e+01
1.911644075385699609e-02 4.676032532491685600e+01
2.049074689815846145e-02 4.095586643623814638e+01
2.196385372416546911e-02 3.481173913265590869e+01
2.354286414322415491e-02 2.867729168275535656e+01
2.523539170434765944e-02 2.286505462103495390e+01
2.704959730463131484e-02 1.762124864971965366e+01
2.899422853882875281e-02 1.310787889661171590e+01
3.107866187782013997e-02 9.398429684734699308e+00
3.331294787934670210e-02 6.486320036311568060e+00
3.570785964900462933e-02 4.302829949001553800e+00
3.827494478516307169e-02 2.739786996345666914e+00
4.102658105827190066e-02 1.672182750308276677e+00
4.397603609302721400e-02 9.769170648090890197e-01
4.713753134116719506e-02 5.455669628368794433e-01
5.052631065335679711e-02 2.908521885335195178e-01
5.415871378079464837e-02 1.478282014273147871e-01
5.805225516094895954e-02 7.153853415053736120e-02
6.222570836730231120e-02 3.292068562023552081e-02
6.669919663030114687e-02 1.376485040723558935e-02
7.149428986597576585e-02 5.816509856305872653e-03
7.663410868007446142e-02 2.383940143361813931e-03
8.214343584919421570e-02 9.384880911149978341e-04
8.804883581643464796e-02 3.476511215036451807e-04
9.437878277775371694e-02 1.181777805465099578e-04
1.011637979766207007e-01 3.602400478612809040e-05
1.084365968689608717e-01 9.689370612159845756e-06
1.162322468679851811e-01 2.292802161102144968e-06
1.245883364295008178e-01 4.895295923119981464e-07
1.335451562929897418e-01 1.020679623010779196e-07
1.431458937523478470e-01 2.345052887114040270e-08
1.534368408930009975e-01 6.168115676619521476e-09
1.644676177994662813e-01 1.678744692015869077e-09
1.762914118095947891e-01 4.216586735995106495e-10
1.889652339691207661e-01 9.172644922903023472e-11
2.025501939230666404e-01 1.673222377486326491e-11
2.171117945694500950e-01 2.502909176574951294e-12
2.327202478960407328e-01 3.006485975390437574e-13
2.494508135230316670e-01 2.836312476129643690e-14
2.673841615839944175e-01 2.052444473450218717e-15
2.866067616948250185e-01 1.116201496147089693e-16
3.072112998861752931e-01 4.702216820622038581e-18
3.292971255097147942e-01 2.371461891988812528e-19
3.529707302730650254e-01 3.389432521375181399e-20
3.783462617131925221e-01 7.221453341353315875e-21
4.055460735840827891e-01 1.368087247820670790e-21
4.347013158125017651e-01 2.140075793505218449e-22
4.659525668664677434e-01 2.701699727529545872e-23
4.994505115855140120e-01 2.693359050450231983e-24
5.353566677410719343e-01 2.070472866325381907e-25
5.738441648302392561e-01 1.195625656810850279e-26
6.150985788580504154e-01 5.039197120720073499e-28
6.593188271333542128e-01 1.501762698177609233e-29
7.067181273927490848e-01 3.056089733799559986e-31
7.575250258771905054e-01 4.086825046854086189e-33
8.119844993184008874e-01 3.442854678575222297e-35
8.703591361485165656e-01 1.744143280528820701e-37
9.329304026284677143e-01 5.048592292039124097e-40
1.000000000000000000e+00 7.893242325015381486e-43
