# Posterior distribution for f, given N = 72 merger events at LIGO O3. PBH Mass: 0.5 M_sunPrior: log-flat
# Columns: f, P(f|N)
9.999999999999999547e-07 0.000000000000000000e+00
1.071891319205128528e-06 0.000000000000000000e+00
1.148951000187308475e-06 0.000000000000000000e+00
1.231550603292826123e-06 0.000000000000000000e+00
1.320088400831416760e-06 0.000000000000000000e+00
1.414991297434575852e-06 0.000000000000000000e+00
1.516716888470924146e-06 0.000000000000000000e+00
1.625755666443793459e-06 0.000000000000000000e+00
1.742633386009650705e-06 0.000000000000000000e+00
1.867913599020780929e-06 0.000000000000000000e+00
2.002200371815584564e-06 0.000000000000000000e+00
2.146141197858405979e-06 0.000000000000000000e+00
2.300430119772916844e-06 0.000000000000000000e+00
2.465811075822603893e-06 0.000000000000000000e+00
2.643081486974102836e-06 0.000000000000000000e+00
2.833096101839324281e-06 0.000000000000000000e+00
3.036771118035460538e-06 0.000000000000000000e+00
3.255088599835056550e-06 0.000000000000000000e+00
3.489101213406773843e-06 0.000000000000000000e+00
3.739937302478793814e-06 0.000000000000000000e+00
4.008806328898464506e-06 0.000000000000000000e+00
4.297004704320844031e-06 0.000000000000000000e+00
4.605922041145103558e-06 0.000000000000000000e+00
4.937047852839003774e-06 0.000000000000000000e+00
5.291978735958436362e-06 0.000000000000000000e+00
5.672426068491977286e-06 0.000000000000000000e+00
6.080224261649427418e-06 0.000000000000000000e+00
6.517339604882419798e-06 0.000000000000000000e+00
6.985879746785248997e-06 0.000000000000000000e+00
7.488103857590030710e-06 0.000000000000000000e+00
8.026433522257174640e-06 0.000000000000000000e+00
8.603464416684508890e-06 0.000000000000000000e+00
9.221978823334321272e-06 0.000000000000000000e+00
9.884959046625586455e-06 0.000000000000000000e+00
1.059560179277614854e-05 0.000000000000000000e+00
1.135733358343105172e-05 0.000000000000000000e+00
1.217382727739661976e-05 0.000000000000000000e+00
1.304901978014401602e-05 0.000000000000000000e+00
1.398713102647238687e-05 0.000000000000000000e+00
1.499268432786047117e-05 0.000000000000000000e+00
1.607052818261638468e-05 0.000000000000000000e+00
1.722585965398787565e-05 0.000000000000000000e+00
1.846424942895542385e-05 0.000000000000000000e+00
1.979166867853557454e-05 0.000000000000000000e+00
2.121451784910627868e-05 0.000000000000000000e+00
2.273965752357927516e-05 0.000000000000000000e+00
2.437444150122221616e-05 0.000000000000000000e+00
2.612675225563326344e-05 0.000000000000000000e+00
2.800503894183631128e-05 0.000000000000000000e+00
3.001835813575592089e-05 0.000000000000000000e+00
3.217641750250735676e-05 0.000000000000000000e+00
3.448962260405759859e-05 0.000000000000000000e+00
3.696912707195024335e-05 0.000000000000000000e+00
3.962688638701478144e-05 0.000000000000000000e+00
4.247571552536893796e-05 4.137305718274598561e-320
4.552935074866947907e-05 5.503647670901522183e-316
4.880251583654433487e-05 1.123121316053991226e-311
5.231099308056257952e-05 2.290651286066767136e-307
5.607169938205458130e-05 4.668707495528178259e-303
6.010276782070387642e-05 9.508162215426388252e-299
6.442363508721369713e-05 1.934680646898439371e-294
6.905513520162330260e-05 3.932585101045219236e-290
7.401959996915637120e-05 7.984325262265212139e-286
7.934096665797492082e-05 1.618882251187940709e-281
8.504489341802668747e-05 3.277360460944067160e-277
9.115888299750818402e-05 6.623198500021092311e-273
9.771241535346501675e-05 1.335779247211211199e-268
1.047370897959449686e-04 2.687805469362253047e-264
1.122667773510813578e-04 5.394013188601896268e-260
1.203377840777589337e-04 1.079223834442190795e-255
1.289890261253308021e-04 2.151827864386295673e-251
1.382622173764654864e-04 4.273511652525054277e-247
1.482020705798858503e-04 8.448875932074951442e-243
1.588565129428052810e-04 1.661772911093265438e-238
1.702769172225899476e-04 3.249285083998983639e-234
1.825183494319042592e-04 6.310885793628693943e-230
1.956398343517062703e-04 1.216397913717414566e-225
2.097046401323232709e-04 2.324281775778889058e-221
2.247805833548725178e-04 4.397619627182616906e-217
2.409403560239524325e-04 8.227877885314242928e-213
2.582618760682674902e-04 1.520045530035336479e-208
2.768286630392063972e-04 2.768262369288321752e-204
2.967302408188869536e-04 4.960705557801190456e-200
3.180625692794118915e-04 8.729387694456867048e-196
3.409285069746810937e-04 1.505070219198887771e-191
3.654383070957254701e-04 2.536275795055521191e-187
3.917101490809256391e-04 4.166189618497830825e-183
4.198707084443910179e-04 6.651506613384194407e-179
4.500557675700497698e-04 1.028900117855848331e-174
4.824108704165368721e-04 1.536846576953130592e-170
5.170920242896755517e-04 2.208632292590777672e-166
5.542664520663101490e-04 3.042186982610614206e-162
5.941133984965033281e-04 3.999988465918096015e-158
6.368249944718586218e-04 4.999137823412887285e-154
6.826071834272385728e-04 5.912448724493022719e-150
7.316807143427192690e-04 6.586804757844268994e-146
7.842822061337682274e-04 6.879417717919622006e-142
8.406652885618325121e-04 6.703107438864527485e-138
9.011018251665018231e-04 6.062878054080484359e-134
9.658832241158698054e-04 5.064668572358981019e-130
1.035321843295661671e-03 3.887344170280638128e-126
1.109752496412072130e-03 2.727226066457669821e-122
1.189534067370319513e-03 1.739701630238759225e-118
1.275051240713012809e-03 1.003741929295959463e-114
1.366716356462005988e-03 5.210333007828614340e-111
1.464971398307284749e-03 2.420509089151307206e-107
1.570290124729377445e-03 1.001040235685181093e-103
1.683180353330956556e-03 3.666187893229461414e-100
1.804186409392071833e-03 1.182839020740881664e-96
1.933891750455230159e-03 3.344527991784545429e-93
2.072921779595369735e-03 8.245596644675878152e-90
2.221946860939523916e-03 1.763626377436617286e-86
2.381685551976158062e-03 3.256563667878577516e-83
2.552908068239516468e-03 5.166779579306940406e-80
2.736439997074669155e-03 7.011533899034003900e-77
2.933166278390042427e-03 8.103505771831566940e-74
3.144035471591500111e-03 7.944523733769833943e-71
3.370064329271928172e-03 6.583069247625551362e-68
3.612342699709430310e-03 4.595977825508805013e-65
3.872038781812553020e-03 2.696270455551281259e-62
4.150404757850472380e-03 1.326435679507855925e-59
4.448782831127585241e-03 5.464232111618366620e-57
4.768611697714469390e-03 1.883562680596300424e-54
5.111433483440165799e-03 5.433102176314417952e-52
5.478901179593939109e-03 1.312411926961209631e-49
5.872786613189477124e-03 2.658956222579696445e-47
6.294988990221887619e-03 4.528443328083257586e-45
6.747544053110693212e-03 6.502074599493997659e-43
7.232633896483533706e-03 7.898533911051177709e-41
7.752597488629456302e-03 8.150344655370948336e-39
8.309941949353387078e-03 7.175544895421347655e-37
8.907354638610439843e-03 5.415265660010872718e-35
9.547716114208055702e-03 3.520302688339080914e-33
1.023411402105452693e-02 1.980937759235839539e-31
1.096985797892384082e-02 9.696399592920386307e-30
1.175849554052155709e-02 4.148234033515026175e-28
1.260382929679727468e-02 1.558148015235717282e-26
1.350993521198025175e-02 5.160815193680492278e-25
1.448118227674533021e-02 1.513346274567782355e-23
1.552225357427047987e-02 3.943475221197899127e-22
1.663816886076127308e-02 9.162414559890923286e-21
1.783430876931909465e-02 1.903961110375400168e-19
1.911644075385699609e-02 3.548230159356122176e-18
2.049074689815846145e-02 5.944644985200399499e-17
2.196385372416546911e-02 8.972831999460277874e-16
2.354286414322415491e-02 1.222460125374878107e-14
2.523539170434765944e-02 1.505726511681361394e-13
2.704959730463131484e-02 1.679077737099992800e-12
2.899422853882875281e-02 1.697180471632869264e-11
3.107866187782013997e-02 1.556533512916674277e-10
3.331294787934670210e-02 1.296382744065206447e-09
3.570785964900462933e-02 9.812101919227219264e-09
3.827494478516307169e-02 6.753063824319963138e-08
4.102658105827190066e-02 4.228231189121754503e-07
4.397603609302721400e-02 2.409373156356963184e-06
4.713753134116719506e-02 1.249885323681090961e-05
5.052631065335679711e-02 5.904187133581965128e-05
5.415871378079464837e-02 2.540102711100916677e-04
5.805225516094895954e-02 9.954019918577998102e-04
6.222570836730231120e-02 3.553359825275385648e-03
6.669919663030114687e-02 1.155573715630476596e-02
7.149428986597576585e-02 3.423494345793766380e-02
7.663410868007446142e-02 9.239829731583336370e-02
8.214343584919421570e-02 2.271769774260007646e-01
8.804883581643464796e-02 5.088044334728696327e-01
9.437878277775371694e-02 1.038001313724746799e+00
1.011637979766207007e-01 1.928744937589729425e+00
1.084365968689608717e-01 3.263978347337771257e+00
1.162322468679851811e-01 5.030117906977197961e+00
1.245883364295008178e-01 7.058757584456117229e+00
1.335451562929897418e-01 9.018969994440279692e+00
1.431458937523478470e-01 1.049114054306904897e+01
1.534368408930009975e-01 1.110922347600628690e+01
1.644676177994662813e-01 1.070774761870651481e+01
1.762914118095947891e-01 9.393437683936497251e+00
1.889652339691207661e-01 7.499326813727955177e+00
2.025501939230666404e-01 5.448180969562027798e+00
2.171117945694500950e-01 3.601419419464770399e+00
2.327202478960407328e-01 2.165965761382671051e+00
2.494508135230316670e-01 1.185084959604302046e+00
2.673841615839944175e-01 5.898388597466772687e-01
2.866067616948250185e-01 2.670367621951113546e-01
3.072112998861752931e-01 1.099593581494898858e-01
3.292971255097147942e-01 4.117985517231918802e-02
3.529707302730650254e-01 2.934126069785695026e-02
3.783462617131925221e-01 7.721143284192360373e-03
4.055460735840827891e-01 8.541533564213112670e-04
4.347013158125017651e-01 3.680831280083294199e-05
4.659525668664677434e-01 2.153403074146875440e-06
4.994505115855140120e-01 2.965945045740023548e-06
5.353566677410719343e-01 2.798591550656851001e-06
5.738441648302392561e-01 1.270516975442940854e-06
6.150985788580504154e-01 2.572304791267837575e-07
6.593188271333542128e-01 2.138154629900329877e-08
7.067181273927490848e-01 6.661034001192944924e-10
7.575250258771905054e-01 7.034091656733935713e-12
8.119844993184008874e-01 2.254601160989979515e-14
8.703591361485165656e-01 4.754037436625361421e-17
9.329304026284677143e-01 9.422538525819270495e-17
1.000000000000000000e+00 1.734703002681254467e-16
