#  Posterior distribution for f, given N = 10.0 radio-detected PBHs. PBH Mass: 100M_sun
# M_sunPrior: log-flat
#  Columns: f, P(f|N)
# 
9.999999999999999547e-07 1.361888590480944394e+01
1.013925407558814200e-06 1.371816728108259120e+01
1.028044732093309784e-06 1.381940581311610039e+01
1.042360673976401061e-06 1.392264865393012663e+01
1.056875971184804981e-06 1.402794430557004901e+01
1.071593399822671139e-06 1.413534266355555680e+01
1.086515774652537176e-06 1.424489506340377787e+01
1.101645949633656974e-06 1.435665432885529391e+01
1.116986818467822540e-06 1.447067482156489149e+01
1.132541315152812586e-06 1.458701249303621772e+01
1.148312414543511196e-06 1.470572493839985384e+01
1.164303132920875528e-06 1.482687145212963742e+01
1.180516528568805485e-06 1.495051308615139085e+01
1.196955702359042833e-06 1.507671270979010458e+01
1.213623798344241863e-06 1.520553507222301981e+01
1.230524004359261563e-06 1.533704686763901215e+01
1.247659552630868398e-06 1.547131680243147223e+01
1.265033720395903716e-06 1.560841566500231536e+01
1.282649830528059960e-06 1.574841639873569044e+01
1.300511252173409911e-06 1.589139417757305139e+01
1.318621401394748467e-06 1.603742648431834539e+01
1.336983741824945150e-06 1.618659319255224815e+01
1.355601785329368979e-06 1.633897665121603637e+01
1.374479092677536677e-06 1.649466177289694357e+01
1.393619274224143468e-06 1.665373612569070616e+01
1.413025990599533632e-06 1.681629002843144605e+01
1.432702953409829350e-06 1.698241664995357780e+01
1.452653925946781160e-06 1.715221211233269827e+01
1.472882723907501804e-06 1.732577559816156665e+01
1.493393216124253301e-06 1.750320946250458931e+01
1.514189325304352035e-06 1.768461934893484155e+01
1.535275028780421201e-06 1.787011431053045740e+01
1.556654359271061967e-06 1.805980693616810129e+01
1.578331405652116571e-06 1.825381348147514871e+01
1.600310313738701654e-06 1.845225400530017978e+01
1.622595287078087214e-06 1.865525251208048019e+01
1.645190587753660682e-06 1.886293710005598001e+01
1.668100537200059127e-06 1.907544011557363106e+01
1.691329517029647040e-06 1.929289831369423069e+01
1.714881969870540874e-06 1.951545302590100661e+01
1.738762400216250434e-06 1.974325033479053815e+01
1.762975375287203917e-06 1.997644125586729302e+01
1.787525525904235397e-06 2.021518192752156295e+01
1.812417547374235695e-06 2.045963380852628433e+01
1.837656200388172474e-06 2.070996388459004223e+01
1.863246311931559818e-06 2.096634488345667791e+01
1.889192776207664423e-06 2.122895549926494851e+01
1.915500555573527830e-06 2.149798062679675681e+01
1.942174681489024486e-06 2.177361160539562235e+01
1.969220255479173340e-06 2.205604647417372632e+01
1.996642450109793374e-06 2.234549023815126034e+01
2.024446509976801877e-06 2.264215514567290199e+01
2.052637752709252226e-06 2.294626097841746315e+01
2.081221569986337122e-06 2.325803535435309399e+01
2.110203428568596572e-06 2.357771404357140099e+01
2.139588871343421664e-06 2.390554129876444378e+01
2.169383518385181950e-06 2.424177020000407268e+01
2.199593068030074676e-06 2.458666301505750695e+01
2.230223297965936432e-06 2.494049157637531522e+01
2.261280066337279372e-06 2.530353767414149502e+01
2.292769312865648563e-06 2.567609346783975965e+01
2.324697059985650290e-06 2.605846191646204346e+01
2.357069413996727979e-06 2.645095722792991211e+01
2.389892566231047836e-06 2.685390532924924045e+01
2.423172794237600507e-06 2.726764435847323043e+01
2.456916462982790237e-06 2.769252517899344923e+01
2.491130026067791046e-06 2.812891191749746156e+01
2.525820026962784695e-06 2.857718252721966934e+01
2.560993100258456944e-06 2.903772937704504997e+01
2.596655972934872394e-06 2.951095986828491036e+01
2.632815465648020122e-06 2.999729708031667030e+01
2.669478494034323617e-06 3.049718044639386250e+01
2.706652070033241224e-06 3.101106646132445022e+01
2.744343303228362398e-06 3.153942942260720272e+01
2.782559402207125977e-06 3.208276220681216984e+01
2.821307675939470909e-06 3.264157708276074032e+01
2.860595535175744707e-06 3.321640656346518483e+01
2.900430493863991580e-06 3.380780429913265550e+01
2.940820170587060722e-06 3.441634601257773340e+01
2.981772290019673234e-06 3.504263048014120585e+01
3.023294684405776334e-06 3.568728056000359317e+01
3.065395295056530018e-06 3.635094426962793079e+01
3.108082173869063814e-06 3.703429591665489085e+01
3.151363484866476280e-06 3.773803728432041993e+01
3.195247505759213607e-06 3.846289887458484458e+01
3.239742629528195378e-06 3.920964121339377328e+01
3.284857366030047033e-06 3.997905621900371642e+01
3.330600343624588548e-06 4.077196863803769133e+01
3.376980310825087979e-06 4.158923755329142580e+01
3.424006137971425541e-06 4.243175796595241422e+01
3.471686818926559579e-06 4.330046245654701664e+01
3.520031472796682339e-06 4.419632292893253833e+01
3.569049345675229473e-06 4.512035244182236227e+01
3.618749812411276882e-06 4.607360713175851430e+01
3.669142378402493899e-06 4.705718823333653944e+01
3.720236681413065725e-06 4.807224420172946111e+01
3.772042493417001451e-06 4.911997294202777198e+01
3.824569722466998750e-06 5.020162415170789671e+01
3.877828414589453094e-06 5.131850178322198985e+01
3.931828755705770305e-06 5.247196663146457496e+01
3.986581073580438997e-06 5.366343905357900468e+01
4.042095839796309714e-06 5.489440182882664487e+01
4.098383671757261184e-06 5.616640316504011565e+01
4.155455334718879651e-06 5.748105986004372880e+01
4.213321743847289341e-06 5.884006062649358881e+01
4.271993966306776970e-06 6.024516958920592202e+01
4.331483223376402566e-06 6.169822996344660027e+01
4.391800892596086187e-06 6.320116792439042541e+01
4.452958509942660131e-06 6.475599667913269286e+01
4.514967772036101769e-06 6.636482075075231535e+01
4.577840538376616169e-06 6.802984048652533033e+01
4.641588833612781958e-06 6.975335680333748201e+01
4.706224849841281354e-06 7.153777618161369389e+01
4.771760948938750521e-06 7.338561592257298116e+01
4.838209664925956952e-06 7.529950968319857907e+01
4.905583706365045857e-06 7.728221330249066057e+01
4.973895958790067320e-06 7.933661093737788406e+01
5.043159487171358525e-06 8.146572152370509912e+01
5.113387538414331605e-06 8.367270557933368025e+01
5.184593543892912765e-06 8.596087237000335790e+01
5.256791122018419569e-06 8.833368745662879462e+01
5.329994080844093235e-06 9.079478064466107412e+01
5.404216420705915271e-06 9.334795435789888529e+01
5.479472336900292930e-06 9.599719246063710898e+01
5.555776222398877724e-06 9.874666955092236265e+01
5.633142670601352205e-06 1.016007607515527837e+02
5.711586478126434863e-06 1.045640520261802919e+02
5.791122647641757912e-06 1.076413510496155936e+02
5.871766390733261702e-06 1.108376986619708191e+02
5.953533130814370033e-06 1.141583809339835938e+02
6.036438506075863713e-06 1.176089418856979023e+02
6.120498372476703066e-06 1.211951968874549834e+02
6.205728806776500758e-06 1.249232467784489273e+02
6.292146109610350494e-06 1.287994927502088558e+02
6.379766808606282652e-06 1.328306520243477564e+02
6.468607661546320942e-06 1.370237743754505004e+02
6.558685659571435694e-06 1.413862595444055898e+02
6.650018030431117999e-06 1.459258755830026928e+02
6.742622241778348883e-06 1.506507781857111183e+02
6.836516004510238809e-06 1.555695310571117886e+02
6.931717276155400522e-06 1.606911273726148011e+02
7.028244264308352554e-06 1.660250123848541079e+02
7.126115430111745365e-06 1.715811072406249309e+02
7.225349491787221566e-06 1.773698340697981166e+02
7.325965428215230423e-06 1.834021424069021009e+02
7.427982482564910469e-06 1.896895370228199056e+02
7.531420165974375663e-06 1.962441072281745846e+02
7.636298261282241959e-06 2.030785577307773337e+02
7.742636826811276894e-06 2.102062411214119209e+02
7.850456200204509316e-06 2.176411920690190982e+02
7.959777002314978321e-06 2.253981633088746435e+02
8.070620141149507638e-06 2.334926635121591403e+02
8.183006815867388940e-06 2.419409971310259380e+02
8.296958520834915102e-06 2.507603063046348950e+02
8.412497049736117495e-06 2.599686149315308512e+02
8.529644499741016815e-06 2.695848750060055750e+02
8.648423275731726255e-06 2.796290153228484314e+02
8.768856094587426870e-06 2.901219926533503326e+02
8.890965989529167165e-06 3.010858455070318200e+02
9.014776314524917239e-06 3.125437505942022653e+02
9.140310748756222539e-06 3.245200820929550218e+02
9.267593301146882451e-06 3.370404738483007350e+02
9.396648314954690500e-06 3.501318846204549118e+02
9.527500472427300024e-06 3.638226664988390553e+02
9.660174799522645609e-06 3.781426366078728734e+02
9.794696670695385670e-06 3.931231522256223343e+02
9.931091813749799848e-06 4.087971894368709513e+02
1.006938631476027116e-05 4.251994254396225301e+02
1.020960662306047607e-05 4.423663246373313882e+02
1.035177955630176194e-05 4.603362286023298111e+02
1.049593230558226690e-05 4.791494500832951076e+02
1.064209244064724650e-05 4.988483710902355028e+02
1.079028791516183681e-05 5.194775452089311329e+02
1.094054707205743495e-05 5.410838042622983721e+02
1.109289864895222712e-05 5.637163693093892789e+02
1.124737178364750747e-05 5.874269661791607859e+02
1.140399601970033156e-05 6.122699454911650037e+02
1.156280131207375302e-05 6.383024072632009620e+02
1.172381803286599682e-05 6.655843301585707650e+02
1.188707697711903343e-05 6.941787053024424949e+02
1.205260936870841401e-05 7.241516746957805708e+02
1.222044686631488650e-05 7.555726741560644086e+02
1.239062156947915659e-05 7.885145807597812109e+02
1.256316602474121465e-05 8.230538645852855097e+02
1.273811323186478452e-05 8.592707446468573380e+02
1.291549665014882683e-05 8.972493488202884464e+02
1.309535020482667643e-05 9.370778774432875480e+02
1.327770829355429101e-05 9.788487703812221525e+02
1.346260579298911035e-05 1.022658877090496958e+03
1.365007806546013744e-05 1.068609629251462820e+03
1.384016096573130180e-05 1.116807215461301894e+03
1.403289084785873161e-05 1.167362757291094795e+03
1.422830457214351858e-05 1.220392486133798684e+03
1.442643951218158844e-05 1.276017919923243653e+03
1.462733356201129868e-05 1.334366038773910077e+03
1.483102514336102853e-05 1.395569458543615610e+03
1.503755321299738461e-05 1.459766601039962779e+03
1.524695727017572978e-05 1.527101859642280488e+03
1.545927736419478539e-05 1.597725758754091203e+03
1.567455410205594862e-05 1.671795105345202956e+03
1.589282865622976477e-05 1.749473130781153714e+03
1.611414277253019959e-05 1.830929620922934873e+03
1.633853877809860416e-05 1.916341032090994304e+03
1.656605958949915094e-05 2.005890590372162478e+03
1.679674872092653225e-05 2.099768371663195467e+03
1.703065029252842484e-05 2.198171359275303985e+03
1.726780903884356100e-05 2.301303475759623780e+03
1.750827031735723228e-05 2.409375585575253353e+03
1.775208011717636033e-05 2.522605464538310116e+03
1.799928506782476521e-05 2.641217731802851176e+03
1.824993244816150412e-05 2.765443740092425742e+03
1.850407019542302264e-05 2.895521419194504688e+03
1.876174691439119540e-05 3.031695067292654130e+03
1.902301188668945850e-05 3.174215084971043325e+03
1.928791508020777896e-05 3.323337645747023089e+03
1.955650715865946999e-05 3.479324296958418927e+03
1.982883949127071257e-05 3.642441484490863331e+03
2.010496416260496873e-05 3.809545503690620535e+03
2.038493398252464128e-05 3.980092892493084946e+03
2.066880249629082024e-05 4.157432865233755365e+03
2.095662399480430758e-05 4.342262239445572050e+03
2.124845352498882828e-05 4.534823156081291017e+03
2.154434690031882321e-05 4.735357443899144528e+03
2.184436071149428344e-05 4.944105611066786878e+03
2.214855233726359179e-05 5.161305727841208864e+03
2.245697995539771554e-05 5.387192194603399912e+03
2.276970255381680078e-05 5.621994389150388997e+03
2.308677994187167203e-05 5.865935187161986505e+03
2.340827276178294449e-05 6.119229350571737086e+03
2.373424250023866352e-05 6.382081778339544144e+03
2.406475150015421866e-05 6.654685615077372859e+03
2.439986297259550131e-05 6.937220213574742957e+03
2.473964100886811809e-05 7.229848947556850362e+03
2.508415059277541105e-05 7.532716872565068115e+03
2.543345761304648090e-05 7.845948233442155470e+03
2.578762887593798400e-05 8.169643818436037691e+03
2.614673211801091967e-05 8.503878161207041558e+03
2.651083601908536211e-05 8.848696593829827179e+03
2.688001021537607461e-05 9.204112155594601063e+03
2.725432531281027978e-05 9.570102364435886557e+03
2.763385290053166867e-05 9.946605860796951674e+03
2.801866556459195316e-05 1.033351893508843204e+04
2.840883690183301088e-05 1.073069195357487297e+04
2.880444153396297702e-05 1.113792570092794813e+04
2.920555512182745176e-05 1.155496765964248152e+04
2.961225437988031288e-05 1.198150825121432536e+04
3.002461709085549186e-05 1.241717706726071265e+04
3.044272212064305779e-05 1.286153912246949767e+04
3.086664943337274645e-05 1.331409116575974440e+04
3.129648010670750265e-05 1.377425808970616526e+04
3.173229634734972955e-05 1.424138948361857911e+04
3.217418150676371437e-05 1.471475637833409019e+04
3.262222009711673420e-05 1.519354823648441015e+04
3.307649780744242331e-05 1.567687024568967900e+04
3.353710152002928861e-05 1.616374097580253328e+04
3.400411932703702948e-05 1.665309046598978603e+04
3.447764054734463976e-05 1.714375880929866616e+04
3.495775574363278547e-05 1.763449530639214208e+04
3.544455673970435463e-05 1.812395826225119163e+04
3.593813663804625562e-05 1.861071550032422238e+04
3.643858983763540501e-05 1.909324566960117227e+04
3.694601205199302477e-05 1.956994041995385487e+04
3.746050032748996612e-05 2.003910751870284730e+04
3.798215306190736308e-05 2.049897497866296180e+04
3.851107002325568519e-05 2.094769626334661007e+04
3.904735236885555739e-05 2.138335662865103586e+04
3.959110266468458876e-05 2.180398065318266890e+04
4.014242490499325976e-05 2.220754099823730212e+04
4.070142453219438740e-05 2.259196842743763045e+04
4.126820845702951608e-05 2.295516310266089567e+04
4.184288507901584570e-05 2.329500715638856491e+04
4.242556430717776958e-05 2.360937852244413443e+04
4.301635758106799609e-05 2.389616598799941494e+04
4.361537789208005635e-05 2.415328540780736512e+04
4.422273980505896747e-05 2.437869699744729587e+04
4.483855948021190816e-05 2.457042359834692616e+04
4.546295469532399562e-05 2.472656978132834047e+04
4.609604486828438810e-05 2.484534162762156484e+04
4.673795107992463778e-05 2.492506700053596796e+04
4.738879609717651056e-05 2.496421609309142514e+04
4.804870439655133953e-05 2.496142201146021398e+04
4.871780218794630613e-05 2.491550112949110917e+04
4.939621743878325959e-05 2.482547292661062602e+04
5.008407989848212116e-05 2.469008844891801346e+04
5.078152112327670659e-05 2.450891272880862743e+04
5.148867450137497919e-05 2.428266184947604779e+04
5.220567527846975100e-05 2.401174825104482443e+04
5.293266058360566627e-05 2.369646651215353268e+04
5.366976945540475778e-05 2.333739249053770254e+04
5.441714286865887681e-05 2.293539000811354708e+04
5.517492376129128718e-05 2.249161462509059129e+04
5.594325706169377268e-05 2.200751425874315828e+04
5.672228971644549213e-05 2.148482643807342538e+04
5.751217071841613668e-05 2.092557203007278440e+04
5.831305113526218489e-05 2.033204532282952277e+04
5.912508413831881030e-05 1.970680040809711500e+04
5.994842503189408905e-05 1.905263386932921276e+04
6.078323128297236501e-05 1.837256384964305107e+04
6.162966255132942199e-05 1.766980564523237990e+04
6.248788072006888211e-05 1.694774404332767517e+04
6.335804992658254750e-05 1.620990269917814840e+04
6.424033659394190888e-05 1.545991091785408753e+04
6.513490946272809873e-05 1.470146827659378505e+04
6.604193962330304700e-05 1.393830758746671017e+04
6.696160054853215278e-05 1.317415675472388830e+04
6.789406812696112826e-05 1.241270012831566601e+04
6.883952069645495682e-05 1.165753998938374207e+04
6.979813907830667650e-05 1.091215882343516751e+04
7.077010661181888922e-05 1.017988304417575091e+04
7.175560918936921718e-05 9.463848820552038887e+03
7.275483529196232206e-05 8.766970632565045889e+03
7.376797602527730984e-05 8.091913139833855894e+03
7.479522515621828658e-05 7.441066886746787532e+03
7.583677914997190089e-05 6.816528293459466113e+03
7.689283720758305352e-05 6.220084294875867272e+03
7.796360130405236585e-05 5.653201890062827260e+03
7.904927622696420267e-05 5.117022755905828490e+03
8.015006961565413965e-05 4.612362964969854147e+03
8.126619200091945365e-05 4.139717730895175009e+03
8.239785684528511741e-05 3.699270989266135530e+03
8.354528058382871408e-05 3.290909511029095484e+03
8.470868266557402936e-05 2.914241142878142909e+03
8.588828559546259111e-05 2.568616678984079499e+03
8.708431497690723578e-05 2.253154791986999044e+03
8.829699955494083421e-05 1.966769392362841700e+03
8.952657125996401179e-05 1.708198746118001964e+03
9.077326525210223113e-05 1.476035660962611701e+03
9.203731996618230639e-05 1.268758052471577003e+03
9.331897715733238812e-05 1.084759223661180158e+03
9.461848194721991974e-05 9.223772319086990592e+02
9.593608287093146887e-05 7.799227748785958738e+02
9.727203192450537027e-05 6.557051000304240915e+02
9.862658461312830713e-05 5.480555259944540012e+02
1.000000000000000048e-04 4.551187468485608179e+02
1.013925407558815276e-04 3.752011389329123290e+02
1.028044732093309733e-04 3.071604062491945228e+02
1.042360673976401179e-04 2.498180813550622759e+02
1.056875971184803998e-04 2.018261759244045095e+02
1.071593399822671198e-04 1.619430659009534565e+02
1.086515774652538379e-04 1.290367798280228158e+02
1.101645949633656949e-04 1.020856731275096081e+02
1.116986818467822557e-04 8.017681114704761569e+01
1.132541315152811519e-04 6.250241208193852316e+01
1.148312414543511137e-04 4.835471387766971674e+01
1.164303132920876748e-04 3.711962776034560108e+01
1.180516528568805612e-04 2.826952692118001664e+01
1.196955702359042841e-04 2.135549414663403311e+01
1.213623798344240533e-04 1.599931932755367114e+01
1.230524004359261579e-04 1.188549905790912931e+01
1.247659552630869643e-04 8.753448471310750989e+00
1.265033720395903835e-04 6.390092342089212174e+00
1.282649830528059917e-04 4.622960281345783962e+00
1.300511252173408420e-04 3.313871289404778597e+00
1.318621401394748458e-04 2.353257221911892572e+00
1.336983741824946607e-04 1.655143834428532745e+00
1.355601785329368979e-04 1.152782466613387458e+00
1.374479092677536609e-04 7.949052414517362442e-01
1.393619274224142113e-04 5.425617747643508570e-01
1.413025990599533599e-04 3.664853780317228749e-01
1.432702953409830901e-04 2.449310451615114570e-01
1.452653925946781202e-04 1.619254527468348970e-01
1.472882723907501770e-04 1.058700524088964645e-01
1.493393216124251827e-04 6.844137102122692384e-02
1.514189325304352018e-04 4.373718888586784759e-02
1.535275028780422768e-04 2.762274339087786301e-02
1.556654359271062154e-04 1.723700620603284273e-02
1.578331405652118053e-04 1.062501019062785275e-02
1.600310313738700137e-04 6.467863157436495175e-03
1.622595287078087002e-04 3.887279158674250383e-03
1.645190587753662351e-04 2.306065077492952097e-03
1.668100537200059119e-04 1.349968863365393068e-03
1.691329517029648683e-04 7.796248513112450512e-04
1.714881969870539155e-04 4.440568577582118624e-04
1.738762400216250527e-04 2.493799774206590433e-04
1.762975375287205730e-04 1.380484700465504466e-04
1.787525525904235457e-04 7.530491699706806435e-05
1.812417547374237711e-04 4.046776642267217088e-05
1.837656200388170424e-04 2.141703990337439248e-05
1.863246311931559835e-04 1.115942397498093126e-05
1.889192776207666380e-04 5.722972565979631290e-06
1.915500555573527931e-04 2.887766809012043004e-06
1.942174681489026468e-04 1.433255789039237883e-06
1.969220255479171443e-04 6.994625603161213383e-07
1.996642450109793374e-04 3.354446195453339642e-07
2.024446509976803791e-04 1.579100136452633300e-07
2.052637752709252192e-04 7.294290129722495138e-08
2.081221569986339392e-04 3.308209191267780604e-08
2.110203428568594353e-04 1.472593650139877590e-08
2.139588871343421563e-04 6.431223003858946214e-09
2.169383518385184322e-04 2.754626404144019896e-09
2.199593068030074913e-04 1.156711992900389707e-09
2.230223297965938634e-04 4.760067582671448504e-10
2.261280066337277204e-04 1.918913054989875729e-10
2.292769312865648647e-04 7.574913370058425859e-11
2.324697059985647986e-04 2.926867254981282190e-11
2.357069413996727843e-04 1.106498911128162514e-11
2.389892566231050343e-04 4.091080038116862665e-12
2.423172794237598237e-04 1.478689945791565157e-12
2.456916462982790305e-04 5.222497385150081377e-13
2.491130026067788590e-04 1.801555855394270176e-13
2.525820026962784779e-04 6.067203973490703565e-14
2.560993100258459536e-04 1.993885853246027435e-14
2.596655972934869836e-04 6.391145728086425893e-15
2.632815465648020189e-04 1.997175130543198509e-15
2.669478494034321025e-04 6.081366174906633135e-16
2.706652070033241072e-04 1.803509979631284093e-16
2.744343303228365160e-04 5.206541401911252781e-17
2.782559402207125773e-04 1.462414824138961923e-17
2.821307675939470740e-04 3.994435837349450977e-18
2.860595535175741895e-04 1.060408102759804773e-18
2.900430493863991868e-04 2.734565612995892917e-19
2.940820170587063703e-04 6.846399074477745629e-20
2.981772290019673471e-04 1.663225769391378861e-20
3.023294684405776131e-04 3.918389378425655247e-21
3.065395295056526901e-04 8.947036844029895914e-22
3.108082173869063645e-04 1.978834590547151399e-22
3.151363484866479448e-04 4.236792747168335480e-23
3.195247505759213607e-04 8.775999640382891236e-24
3.239742629528195514e-04 1.757588074008400981e-24
3.284857366030043374e-04 3.401131264155900106e-25
3.330600343624588820e-04 6.355288556672318571e-26
3.376980310825091164e-04 1.145954978656940654e-26
3.424006137971425897e-04 1.992645291754334868e-27
3.471686818926559680e-04 3.339082975766324224e-28
3.520031472796678832e-04 5.388384441340498003e-29
3.569049345675229896e-04 8.367931790145486442e-30
3.618749812411280490e-04 1.249667606630997484e-30
3.669142378402493712e-04 1.793373831425447857e-31
3.720236681413065759e-04 2.471294944676953305e-32
3.772042493416997554e-04 3.267590039988200793e-33
3.824569722466999088e-04 4.142340212620295570e-34
3.877828414589457430e-04 5.030825651766207266e-35
3.931828755705770373e-04 5.848737690486752544e-36
3.986581073580438726e-04 6.503727895640227441e-37
4.042095839796305953e-04 6.911648995395069236e-38
4.098383671757261184e-04 7.013834468478700355e-39
4.155455334718875077e-04 6.790673998468233581e-40
4.213321743847288901e-04 6.267238987728958839e-41
4.271993966306776428e-04 5.508856539518834347e-42
4.331483223376398229e-04 4.607629762068762010e-43
4.391800892596086085e-04 3.663758146467390169e-44
4.452958509942655184e-04 2.766969373135625906e-45
4.514967772036101870e-04 1.982888821977744963e-46
4.577840538376616304e-04 1.347068697961069332e-47
4.641588833612777317e-04 8.666666162584674303e-49
4.706224849841281286e-04 5.275352169401826941e-50
4.771760948938746048e-04 3.034914489566151229e-51
4.838209664925957392e-04 1.648496085635351858e-52
4.905583706365045484e-04 8.445373548072300816e-54
4.973895958790062848e-04 4.076598956618904042e-55
5.043159487171358559e-04 1.854877994974817829e-56
5.113387538414325981e-04 8.005370118253953387e-58
5.184593543892913273e-04 3.245725488667933254e-59
5.256791122018424686e-04 1.234847817179142645e-60
5.329994080844087509e-04 4.403366693648977774e-62
5.404216420705914865e-04 1.469995064953798529e-63
5.479472336900287170e-04 4.588678003633934127e-65
5.555776222398877860e-04 1.337741302424688570e-66
5.633142670601357050e-04 3.637748272263496389e-68
5.711586478126429341e-04 9.215587256928331743e-70
5.791122647641758691e-04 2.172140031269951019e-71
5.871766390733255264e-04 4.757317396842484358e-73
5.953533130814370406e-04 9.668773079583783420e-75
6.036438506075870319e-04 1.821088995653437195e-76
6.120498372476696662e-04 3.174294449922563413e-78
6.205728806776500623e-04 5.113462189908777004e-80
6.292146109610343785e-04 7.601861892754821303e-82
6.379766808606282449e-04 1.041446193706923565e-83
6.468607661546327617e-04 1.312894646089905277e-85
6.558685659571429020e-04 1.520731575258101007e-87
6.650018030431118507e-04 1.616022541311566530e-89
6.742622241778341904e-04 1.573061946248481517e-91
6.836516004510238267e-04 1.400450905141958186e-93
6.931717276155407569e-04 1.138471628833296260e-95
7.028244264308345507e-04 8.437343584608508145e-98
7.126115430111745839e-04 5.691195922595730296e-100
7.225349491787214518e-04 3.488097768988825298e-102
7.325965428215230456e-04 1.939196684959493897e-104
7.427982482564917787e-04 9.762285700425852297e-107
7.531420165974367972e-04 4.442355501984762224e-109
7.636298261282241416e-04 1.824022124352421735e-111
7.742636826811269846e-04 6.745461705440505309e-114
7.850456200204509452e-04 2.242614216271210826e-116
7.959777002314985571e-04 6.690241687960833602e-119
8.070620141149498694e-04 1.787486290282307461e-121
8.183006815867389754e-04 4.268867822538970367e-124
8.296958520834906564e-04 9.094797105724129347e-127
8.412497049736117902e-04 1.725084983726771507e-129
8.529644499741025759e-04 2.907216524170489642e-132
8.648423275731718192e-04 4.344012178230369928e-135
8.768856094587426870e-04 5.742932670917169753e-138
8.890965989529158288e-04 6.703048483608800896e-141
9.014776314524917782e-04 6.892205985516885714e-144
9.140310748756232161e-04 6.229121991124848939e-147
9.267593301146882789e-04 4.937390222472716393e-150
9.396648314954690433e-04 3.424309772331458147e-153
9.527500472427289724e-04 2.073193845513529797e-156
9.660174799522645676e-04 1.093118952945292821e-159
9.794696670695395360e-04 5.007347838732205372e-163
9.931091813749799713e-04 1.987904954626959537e-166
1.006938631476027041e-03 6.822568726364560016e-170
1.020960662306046604e-03 2.019126567362236009e-173
1.035177955630176309e-03 5.139525331786798774e-177
1.049593230558227598e-03 1.122246331048383826e-180
1.064209244064724582e-03 2.096534486216457071e-184
1.079028791516183647e-03 3.341858940275189710e-188
1.094054707205742438e-03 4.532633267592049395e-192
1.109289864895222780e-03 5.216432525124724263e-196
1.124737178364752007e-03 5.079501712201039557e-200
1.140399601970033122e-03 4.172886231870852162e-204
1.156280131207375458e-03 2.883649178738545590e-208
1.172381803286598597e-03 1.671244746460667160e-212
1.188707697711903228e-03 8.098585641969929736e-217
1.205260936870842505e-03 3.271203931536962856e-221
1.222044686631488684e-03 1.097920586166612076e-225
1.239062156947915577e-03 3.052193227643538577e-230
1.256316602474120232e-03 7.005204653196002931e-235
1.273811323186478574e-03 1.323012311088109850e-239
1.291549665014883998e-03 2.049198343872776914e-244
1.309535020482667771e-03 2.594178312332597730e-249
1.327770829355428986e-03 2.674887430940439430e-254
1.346260579298909571e-03 2.238567910423742383e-259
1.365007806546013683e-03 1.515088541554442243e-264
1.384016096573131502e-03 8.262793437600046606e-270
1.403289084785873256e-03 3.617669944328484153e-275
1.422830457214352027e-03 1.266804520589688900e-280
1.442643951218157373e-03 3.534331987038210463e-286
1.462733356201129922e-03 7.825879901719658940e-292
1.483102514336104337e-03 1.369841348554357858e-297
1.503755321299738400e-03 1.887875941408938604e-303
1.524695727017573053e-03 2.040181371467369986e-309
1.545927736419476940e-03 1.721685728818975617e-315
1.567455410205594903e-03 0.000000000000000000e+00
1.589282865622978049e-03 0.000000000000000000e+00
1.611414277253019837e-03 0.000000000000000000e+00
1.633853877809862123e-03 0.000000000000000000e+00
1.656605958949913414e-03 0.000000000000000000e+00
1.679674872092653225e-03 0.000000000000000000e+00
1.703065029252844422e-03 0.000000000000000000e+00
1.726780903884356060e-03 0.000000000000000000e+00
1.750827031735725098e-03 0.000000000000000000e+00
1.775208011717634149e-03 0.000000000000000000e+00
1.799928506782476562e-03 0.000000000000000000e+00
1.824993244816152391e-03 0.000000000000000000e+00
1.850407019542302115e-03 0.000000000000000000e+00
1.876174691439121437e-03 0.000000000000000000e+00
1.902301188668943871e-03 0.000000000000000000e+00
1.928791508020777801e-03 0.000000000000000000e+00
1.955650715865949168e-03 0.000000000000000000e+00
1.982883949127071596e-03 0.000000000000000000e+00
2.010496416260499231e-03 0.000000000000000000e+00
2.038493398252461987e-03 0.000000000000000000e+00
2.066880249629082268e-03 0.000000000000000000e+00
2.095662399480432980e-03 0.000000000000000000e+00
2.124845352498882720e-03 0.000000000000000000e+00
2.154434690031884272e-03 0.000000000000000000e+00
2.184436071149426298e-03 0.000000000000000000e+00
2.214855233726359396e-03 0.000000000000000000e+00
2.245697995539773940e-03 0.000000000000000000e+00
2.276970255381679901e-03 0.000000000000000000e+00
2.308677994187169520e-03 0.000000000000000000e+00
2.340827276178291793e-03 0.000000000000000000e+00
2.373424250023866040e-03 0.000000000000000000e+00
2.406475150015424062e-03 0.000000000000000000e+00
2.439986297259550199e-03 0.000000000000000000e+00
2.473964100886814031e-03 0.000000000000000000e+00
2.508415059277538557e-03 0.000000000000000000e+00
2.543345761304648036e-03 0.000000000000000000e+00
2.578762887593801043e-03 0.000000000000000000e+00
2.614673211801091940e-03 0.000000000000000000e+00
2.651083601908538895e-03 0.000000000000000000e+00
2.688001021537604791e-03 0.000000000000000000e+00
2.725432531281027707e-03 0.000000000000000000e+00
2.763385290053169997e-03 0.000000000000000000e+00
2.801866556459195207e-03 0.000000000000000000e+00
2.840883690183303948e-03 0.000000000000000000e+00
2.880444153396298067e-03 0.000000000000000000e+00
2.920555512182745027e-03 0.000000000000000000e+00
2.961225437988034351e-03 0.000000000000000000e+00
3.002461709085549064e-03 0.000000000000000000e+00
3.044272212064302961e-03 0.000000000000000000e+00
3.086664943337274428e-03 0.000000000000000000e+00
3.129648010670750373e-03 0.000000000000000000e+00
3.173229634734976452e-03 0.000000000000000000e+00
3.217418150676371654e-03 0.000000000000000000e+00
3.262222009711669788e-03 0.000000000000000000e+00
3.307649780744242440e-03 0.000000000000000000e+00
3.353710152002928671e-03 0.000000000000000000e+00
3.400411932703706255e-03 0.000000000000000000e+00
3.447764054734464220e-03 0.000000000000000000e+00
3.495775574363275268e-03 0.000000000000000000e+00
3.544455673970435625e-03 0.000000000000000000e+00
3.593813663804625805e-03 0.000000000000000000e+00
3.643858983763544404e-03 0.000000000000000000e+00
3.694601205199302477e-03 0.000000000000000000e+00
3.746050032748993088e-03 0.000000000000000000e+00
3.798215306190736145e-03 0.000000000000000000e+00
3.851107002325568872e-03 0.000000000000000000e+00
3.904735236885560103e-03 0.000000000000000000e+00
3.959110266468458469e-03 0.000000000000000000e+00
4.014242490499322046e-03 0.000000000000000000e+00
4.070142453219439092e-03 0.000000000000000000e+00
4.126820845702951907e-03 0.000000000000000000e+00
4.184288507901580585e-03 0.000000000000000000e+00
4.242556430717777174e-03 0.000000000000000000e+00
4.301635758106795056e-03 0.000000000000000000e+00
4.361537789208005771e-03 0.000000000000000000e+00
4.422273980505896963e-03 0.000000000000000000e+00
4.483855948021185991e-03 0.000000000000000000e+00
4.546295469532399616e-03 0.000000000000000000e+00
4.609604486828434121e-03 0.000000000000000000e+00
4.673795107992463616e-03 0.000000000000000000e+00
4.738879609717651029e-03 0.000000000000000000e+00
4.804870439655129291e-03 0.000000000000000000e+00
4.871780218794630885e-03 0.000000000000000000e+00
4.939621743878320863e-03 0.000000000000000000e+00
5.008407989848212387e-03 0.000000000000000000e+00
5.078152112327670442e-03 0.000000000000000000e+00
5.148867450137492065e-03 0.000000000000000000e+00
5.220567527846975073e-03 0.000000000000000000e+00
5.293266058360561639e-03 0.000000000000000000e+00
5.366976945540476510e-03 0.000000000000000000e+00
5.441714286865893292e-03 0.000000000000000000e+00
5.517492376129123216e-03 0.000000000000000000e+00
5.594325706169377133e-03 0.000000000000000000e+00
5.672228971644543115e-03 0.000000000000000000e+00
5.751217071841613696e-03 0.000000000000000000e+00
5.831305113526225048e-03 0.000000000000000000e+00
5.912508413831875365e-03 0.000000000000000000e+00
5.994842503189408769e-03 0.000000000000000000e+00
6.078323128297229670e-03 0.000000000000000000e+00
6.162966255132942307e-03 0.000000000000000000e+00
6.248788072006894283e-03 0.000000000000000000e+00
6.335804992658247703e-03 0.000000000000000000e+00
6.424033659394191159e-03 0.000000000000000000e+00
6.513490946272802555e-03 0.000000000000000000e+00
6.604193962330305243e-03 0.000000000000000000e+00
6.696160054853222271e-03 0.000000000000000000e+00
6.789406812696105291e-03 0.000000000000000000e+00
6.883952069645496441e-03 0.000000000000000000e+00
6.979813907830660115e-03 0.000000000000000000e+00
7.077010661181889518e-03 0.000000000000000000e+00
7.175560918936928385e-03 0.000000000000000000e+00
7.275483529196225159e-03 0.000000000000000000e+00
7.376797602527730875e-03 0.000000000000000000e+00
7.479522515621821015e-03 0.000000000000000000e+00
7.583677914997190468e-03 0.000000000000000000e+00
7.689283720758313158e-03 0.000000000000000000e+00
7.796360130405228725e-03 0.000000000000000000e+00
7.904927622696419562e-03 0.000000000000000000e+00
8.015006961565405291e-03 0.000000000000000000e+00
8.126619200091946341e-03 0.000000000000000000e+00
8.239785684528520143e-03 0.000000000000000000e+00
8.354528058382862735e-03 0.000000000000000000e+00
8.470868266557402340e-03 0.000000000000000000e+00
8.588828559546249353e-03 0.000000000000000000e+00
8.708431497690724554e-03 0.000000000000000000e+00
8.829699955494091715e-03 0.000000000000000000e+00
8.952657125996391421e-03 0.000000000000000000e+00
9.077326525210224414e-03 0.000000000000000000e+00
9.203731996618221695e-03 0.000000000000000000e+00
9.331897715733238757e-03 0.000000000000000000e+00
9.461848194722002545e-03 0.000000000000000000e+00
9.593608287093146128e-03 0.000000000000000000e+00
9.727203192450536648e-03 0.000000000000000000e+00
9.862658461312821118e-03 0.000000000000000000e+00
1.000000000000000021e-02 0.000000000000000000e+00
1.013925407558814371e-02 0.000000000000000000e+00
1.028044732093309765e-02 0.000000000000000000e+00
1.042360673976401239e-02 0.000000000000000000e+00
1.056875971184804974e-02 0.000000000000000000e+00
1.071593399822671176e-02 0.000000000000000000e+00
1.086515774652537306e-02 0.000000000000000000e+00
1.101645949633657008e-02 0.000000000000000000e+00
1.116986818467822530e-02 0.000000000000000000e+00
1.132541315152812630e-02 0.000000000000000000e+00
1.148312414543511094e-02 0.000000000000000000e+00
1.164303132920875561e-02 0.000000000000000000e+00
1.180516528568805595e-02 0.000000000000000000e+00
1.196955702359042868e-02 0.000000000000000000e+00
1.213623798344241715e-02 0.000000000000000000e+00
1.230524004359261590e-02 0.000000000000000000e+00
1.247659552630868418e-02 0.000000000000000000e+00
1.265033720395903824e-02 0.000000000000000000e+00
1.282649830528059809e-02 0.000000000000000000e+00
1.300511252173409786e-02 0.000000000000000000e+00
1.318621401394748545e-02 0.000000000000000000e+00
1.336983741824945317e-02 0.000000000000000000e+00
1.355601785329368925e-02 0.000000000000000000e+00
1.374479092677536630e-02 0.000000000000000000e+00
1.393619274224143501e-02 0.000000000000000000e+00
1.413025990599533696e-02 0.000000000000000000e+00
1.432702953409829491e-02 0.000000000000000000e+00
1.452653925946781159e-02 0.000000000000000000e+00
1.472882723907501835e-02 0.000000000000000000e+00
1.493393216124253367e-02 0.000000000000000000e+00
1.514189325304352018e-02 0.000000000000000000e+00
1.535275028780421110e-02 0.000000000000000000e+00
1.556654359271062056e-02 0.000000000000000000e+00
1.578331405652116590e-02 0.000000000000000000e+00
1.600310313738701612e-02 0.000000000000000000e+00
1.622595287078087284e-02 0.000000000000000000e+00
1.645190587753660866e-02 0.000000000000000000e+00
1.668100537200059227e-02 0.000000000000000000e+00
1.691329517029646970e-02 0.000000000000000000e+00
1.714881969870540868e-02 0.000000000000000000e+00
1.738762400216250364e-02 0.000000000000000000e+00
1.762975375287204050e-02 0.000000000000000000e+00
1.787525525904235316e-02 0.000000000000000000e+00
1.812417547374235716e-02 0.000000000000000000e+00
1.837656200388172387e-02 0.000000000000000000e+00
1.863246311931559748e-02 0.000000000000000000e+00
1.889192776207664418e-02 0.000000000000000000e+00
1.915500555573527997e-02 0.000000000000000000e+00
1.942174681489024571e-02 0.000000000000000000e+00
1.969220255479173579e-02 0.000000000000000000e+00
1.996642450109793396e-02 0.000000000000000000e+00
2.024446509976801645e-02 0.000000000000000000e+00
2.052637752709252084e-02 0.000000000000000000e+00
2.081221569986337061e-02 0.000000000000000000e+00
2.110203428568596662e-02 0.000000000000000000e+00
2.139588871343421628e-02 0.000000000000000000e+00
2.169383518385182077e-02 0.000000000000000000e+00
2.199593068030074663e-02 0.000000000000000000e+00
2.230223297965936227e-02 0.000000000000000000e+00
2.261280066337279654e-02 0.000000000000000000e+00
2.292769312865648723e-02 0.000000000000000000e+00
2.324697059985650349e-02 0.000000000000000000e+00
2.357069413996727703e-02 0.000000000000000000e+00
2.389892566231047871e-02 0.000000000000000000e+00
2.423172794237600514e-02 0.000000000000000000e+00
2.456916462982790261e-02 0.000000000000000000e+00
2.491130026067791062e-02 0.000000000000000000e+00
2.525820026962784584e-02 0.000000000000000000e+00
2.560993100258456695e-02 0.000000000000000000e+00
2.596655972934872394e-02 0.000000000000000000e+00
2.632815465648019951e-02 0.000000000000000000e+00
2.669478494034323648e-02 0.000000000000000000e+00
2.706652070033241375e-02 0.000000000000000000e+00
2.744343303228362688e-02 0.000000000000000000e+00
2.782559402207126012e-02 0.000000000000000000e+00
2.821307675939470697e-02 0.000000000000000000e+00
2.860595535175744844e-02 0.000000000000000000e+00
2.900430493863991738e-02 0.000000000000000000e+00
2.940820170587060689e-02 0.000000000000000000e+00
2.981772290019673449e-02 0.000000000000000000e+00
3.023294684405776478e-02 0.000000000000000000e+00
3.065395295056529829e-02 0.000000000000000000e+00
3.108082173869063797e-02 0.000000000000000000e+00
3.151363484866476217e-02 0.000000000000000000e+00
3.195247505759213347e-02 0.000000000000000000e+00
3.239742629528195167e-02 0.000000000000000000e+00
3.284857366030047299e-02 0.000000000000000000e+00
3.330600343624588733e-02 0.000000000000000000e+00
3.376980310825088150e-02 0.000000000000000000e+00
3.424006137971425529e-02 0.000000000000000000e+00
3.471686818926559420e-02 0.000000000000000000e+00
3.520031472796682215e-02 0.000000000000000000e+00
3.569049345675229939e-02 0.000000000000000000e+00
3.618749812411276717e-02 0.000000000000000000e+00
3.669142378402494298e-02 0.000000000000000000e+00
3.720236681413065932e-02 0.000000000000000000e+00
3.772042493417001457e-02 0.000000000000000000e+00
3.824569722466999305e-02 0.000000000000000000e+00
3.877828414589453571e-02 0.000000000000000000e+00
3.931828755705769896e-02 0.000000000000000000e+00
3.986581073580438422e-02 0.000000000000000000e+00
4.042095839796309986e-02 0.000000000000000000e+00
4.098383671757261509e-02 0.000000000000000000e+00
4.155455334718870936e-02 0.000000000000000000e+00
4.213321743847289053e-02 0.000000000000000000e+00
4.271993966306776580e-02 0.000000000000000000e+00
4.331483223376402653e-02 0.000000000000000000e+00
4.391800892596085804e-02 0.000000000000000000e+00
4.452958509942650522e-02 0.000000000000000000e+00
4.514967772036102001e-02 0.000000000000000000e+00
4.577840538376616586e-02 0.000000000000000000e+00
4.641588833612782239e-02 0.000000000000000000e+00
4.706224849841281199e-02 0.000000000000000000e+00
4.771760948938740671e-02 0.000000000000000000e+00
4.838209664925956915e-02 0.000000000000000000e+00
4.905583706365045787e-02 0.000000000000000000e+00
4.973895958790067878e-02 0.000000000000000000e+00
5.043159487171358646e-02 0.000000000000000000e+00
5.113387538414320560e-02 0.000000000000000000e+00
5.184593543892913187e-02 0.000000000000000000e+00
5.256791122018419221e-02 0.000000000000000000e+00
5.329994080844092930e-02 0.000000000000000000e+00
5.404216420705915125e-02 0.000000000000000000e+00
5.479472336900281099e-02 0.000000000000000000e+00
5.555776222398877556e-02 0.000000000000000000e+00
5.633142670601351543e-02 0.000000000000000000e+00
5.711586478126434718e-02 0.000000000000000000e+00
5.791122647641758214e-02 0.000000000000000000e+00
5.871766390733249713e-02 0.000000000000000000e+00
5.953533130814370189e-02 0.000000000000000000e+00
6.036438506075864074e-02 0.000000000000000000e+00
6.120498372476702864e-02 0.000000000000000000e+00
6.205728806776500406e-02 0.000000000000000000e+00
6.292146109610337323e-02 0.000000000000000000e+00
6.379766808606282535e-02 0.000000000000000000e+00
6.468607661546320331e-02 0.000000000000000000e+00
6.558685659571435178e-02 0.000000000000000000e+00
6.650018030431117944e-02 0.000000000000000000e+00
6.742622241778335745e-02 0.000000000000000000e+00
6.836516004510238831e-02 0.000000000000000000e+00
6.931717276155399676e-02 0.000000000000000000e+00
7.028244264308353140e-02 0.000000000000000000e+00
7.126115430111745752e-02 0.000000000000000000e+00
7.225349491787207146e-02 0.000000000000000000e+00
7.325965428215229502e-02 0.000000000000000000e+00
7.427982482564911282e-02 0.000000000000000000e+00
7.531420165974375691e-02 0.000000000000000000e+00
7.636298261282241373e-02 0.000000000000000000e+00
7.742636826811277739e-02 0.000000000000000000e+00
7.850456200204508628e-02 0.000000000000000000e+00
7.959777002314977201e-02 0.000000000000000000e+00
8.070620141149507931e-02 0.000000000000000000e+00
8.183006815867389927e-02 0.000000000000000000e+00
8.296958520834915585e-02 0.000000000000000000e+00
8.412497049736118726e-02 0.000000000000000000e+00
8.529644499741016739e-02 0.000000000000000000e+00
8.648423275731725868e-02 0.000000000000000000e+00
8.768856094587426653e-02 0.000000000000000000e+00
8.890965989529167612e-02 0.000000000000000000e+00
9.014776314524917955e-02 0.000000000000000000e+00
9.140310748756222403e-02 0.000000000000000000e+00
9.267593301146882789e-02 0.000000000000000000e+00
9.396648314954690606e-02 0.000000000000000000e+00
9.527500472427299916e-02 0.000000000000000000e+00
9.660174799522645850e-02 0.000000000000000000e+00
9.794696670695385299e-02 0.000000000000000000e+00
9.931091813749801100e-02 0.000000000000000000e+00
1.006938631476027024e-01 0.000000000000000000e+00
1.020960662306047567e-01 0.000000000000000000e+00
1.035177955630176283e-01 0.000000000000000000e+00
1.049593230558226592e-01 0.000000000000000000e+00
1.064209244064724669e-01 0.000000000000000000e+00
1.079028791516183639e-01 0.000000000000000000e+00
1.094054707205743548e-01 0.000000000000000000e+00
1.109289864895222771e-01 0.000000000000000000e+00
1.124737178364750845e-01 0.000000000000000000e+00
1.140399601970033122e-01 0.000000000000000000e+00
1.156280131207375328e-01 0.000000000000000000e+00
1.172381803286599716e-01 0.000000000000000000e+00
1.188707697711903349e-01 0.000000000000000000e+00
1.205260936870841404e-01 0.000000000000000000e+00
1.222044686631488658e-01 0.000000000000000000e+00
1.239062156947915577e-01 0.000000000000000000e+00
1.256316602474121524e-01 0.000000000000000000e+00
1.273811323186478384e-01 0.000000000000000000e+00
1.291549665014882775e-01 0.000000000000000000e+00
1.309535020482667789e-01 0.000000000000000000e+00
1.327770829355429116e-01 0.000000000000000000e+00
1.346260579298911020e-01 0.000000000000000000e+00
1.365007806546013891e-01 0.000000000000000000e+00
1.384016096573130183e-01 0.000000000000000000e+00
1.403289084785873109e-01 0.000000000000000000e+00
1.422830457214351862e-01 0.000000000000000000e+00
1.442643951218158804e-01 0.000000000000000000e+00
1.462733356201129931e-01 0.000000000000000000e+00
1.483102514336102906e-01 0.000000000000000000e+00
1.503755321299738434e-01 0.000000000000000000e+00
1.524695727017572888e-01 0.000000000000000000e+00
1.545927736419478449e-01 0.000000000000000000e+00
1.567455410205594868e-01 0.000000000000000000e+00
1.589282865622976271e-01 0.000000000000000000e+00
1.611414277253019889e-01 0.000000000000000000e+00
1.633853877809860466e-01 0.000000000000000000e+00
1.656605958949915192e-01 0.000000000000000000e+00
1.679674872092653259e-01 0.000000000000000000e+00
1.703065029252842644e-01 0.000000000000000000e+00
1.726780903884355955e-01 0.000000000000000000e+00
1.750827031735723294e-01 0.000000000000000000e+00
1.775208011717636092e-01 0.000000000000000000e+00
1.799928506782476345e-01 0.000000000000000000e+00
1.824993244816150439e-01 0.000000000000000000e+00
1.850407019542302245e-01 0.000000000000000000e+00
1.876174691439119468e-01 0.000000000000000000e+00
1.902301188668945875e-01 0.000000000000000000e+00
1.928791508020777645e-01 0.000000000000000000e+00
1.955650715865946965e-01 0.000000000000000000e+00
1.982883949127071388e-01 0.000000000000000000e+00
2.010496416260497132e-01 0.000000000000000000e+00
2.038493398252464173e-01 0.000000000000000000e+00
2.066880249629081956e-01 0.000000000000000000e+00
2.095662399480430760e-01 0.000000000000000000e+00
2.124845352498882789e-01 0.000000000000000000e+00
2.154434690031882260e-01 0.000000000000000000e+00
2.184436071149428449e-01 0.000000000000000000e+00
2.214855233726359396e-01 0.000000000000000000e+00
2.245697995539771563e-01 0.000000000000000000e+00
2.276970255381680075e-01 0.000000000000000000e+00
2.308677994187167404e-01 0.000000000000000000e+00
2.340827276178294447e-01 0.000000000000000000e+00
2.373424250023866144e-01 0.000000000000000000e+00
2.406475150015421616e-01 0.000000000000000000e+00
2.439986297259550130e-01 0.000000000000000000e+00
2.473964100886811568e-01 0.000000000000000000e+00
2.508415059277541159e-01 0.000000000000000000e+00
2.543345761304648400e-01 0.000000000000000000e+00
2.578762887593803455e-01 0.000000000000000000e+00
2.614673211801092356e-01 0.000000000000000000e+00
2.651083601908535980e-01 0.000000000000000000e+00
2.688001021537607671e-01 0.000000000000000000e+00
2.725432531281027915e-01 0.000000000000000000e+00
2.763385290053172461e-01 0.000000000000000000e+00
2.801866556459195468e-01 0.000000000000000000e+00
2.840883690183301225e-01 0.000000000000000000e+00
2.880444153396297668e-01 0.000000000000000000e+00
2.920555512182745339e-01 0.000000000000000000e+00
2.961225437988037612e-01 0.000000000000000000e+00
3.002461709085549324e-01 0.000000000000000000e+00
3.044272212064299543e-01 0.000000000000000000e+00
3.086664943337274480e-01 0.000000000000000000e+00
3.129648010670750269e-01 0.000000000000000000e+00
3.173229634734979765e-01 0.000000000000000000e+00
3.217418150676371602e-01 0.000000000000000000e+00
3.262222009711666648e-01 0.000000000000000000e+00
3.307649780744242318e-01 0.000000000000000000e+00
3.353710152002928879e-01 0.000000000000000000e+00
3.400411932703709672e-01 0.000000000000000000e+00
3.447764054734464012e-01 0.000000000000000000e+00
3.495775574363271798e-01 0.000000000000000000e+00
3.544455673970435816e-01 0.000000000000000000e+00
3.593813663804625858e-01 0.000000000000000000e+00
3.643858983763548220e-01 0.000000000000000000e+00
3.694601205199302685e-01 0.000000000000000000e+00
3.746050032748989289e-01 0.000000000000000000e+00
3.798215306190736440e-01 0.000000000000000000e+00
3.851107002325568907e-01 0.000000000000000000e+00
3.904735236885564231e-01 0.000000000000000000e+00
3.959110266468458539e-01 0.000000000000000000e+00
4.014242490499317917e-01 0.000000000000000000e+00
4.070142453219439127e-01 0.000000000000000000e+00
4.126820845702952045e-01 0.000000000000000000e+00
4.184288507901584575e-01 0.000000000000000000e+00
4.242556430717777105e-01 0.000000000000000000e+00
4.301635758106790441e-01 0.000000000000000000e+00
4.361537789208005944e-01 0.000000000000000000e+00
4.422273980505896929e-01 0.000000000000000000e+00
4.483855948021190918e-01 0.000000000000000000e+00
4.546295469532399269e-01 0.000000000000000000e+00
4.609604486828429160e-01 0.000000000000000000e+00
4.673795107992463338e-01 0.000000000000000000e+00
4.738879609717651098e-01 0.000000000000000000e+00
4.804870439655133940e-01 0.000000000000000000e+00
4.871780218794630746e-01 0.000000000000000000e+00
4.939621743878315763e-01 0.000000000000000000e+00
5.008407989848212560e-01 0.000000000000000000e+00
5.078152112327670720e-01 0.000000000000000000e+00
5.148867450137497581e-01 0.000000000000000000e+00
5.220567527846975420e-01 0.000000000000000000e+00
5.293266058360556192e-01 0.000000000000000000e+00
5.366976945540475885e-01 0.000000000000000000e+00
5.441714286865887429e-01 0.000000000000000000e+00
5.517492376129128351e-01 0.000000000000000000e+00
5.594325706169377410e-01 0.000000000000000000e+00
5.672228971644537321e-01 0.000000000000000000e+00
5.751217071841613349e-01 0.000000000000000000e+00
5.831305113526218387e-01 0.000000000000000000e+00
5.912508413831881748e-01 0.000000000000000000e+00
5.994842503189409255e-01 0.000000000000000000e+00
6.078323128297223876e-01 0.000000000000000000e+00
6.162966255132942273e-01 0.000000000000000000e+00
6.248788072006887795e-01 0.000000000000000000e+00
6.335804992658253809e-01 0.000000000000000000e+00
6.424033659394190465e-01 0.000000000000000000e+00
6.513490946272796345e-01 0.000000000000000000e+00
6.604193962330304757e-01 0.000000000000000000e+00
6.696160054853215193e-01 0.000000000000000000e+00
6.789406812696112681e-01 0.000000000000000000e+00
6.883952069645495886e-01 0.000000000000000000e+00
6.979813907830653141e-01 0.000000000000000000e+00
7.077010661181889484e-01 0.000000000000000000e+00
7.175560918936920718e-01 0.000000000000000000e+00
7.275483529196232757e-01 0.000000000000000000e+00
7.376797602527730424e-01 0.000000000000000000e+00
7.479522515621813694e-01 0.000000000000000000e+00
7.583677914997191127e-01 0.000000000000000000e+00
7.689283720758305352e-01 0.000000000000000000e+00
7.796360130405236566e-01 0.000000000000000000e+00
7.904927622696420464e-01 0.000000000000000000e+00
8.015006961565412924e-01 0.000000000000000000e+00
8.126619200091945716e-01 0.000000000000000000e+00
8.239785684528511123e-01 0.000000000000000000e+00
8.354528058382871825e-01 0.000000000000000000e+00
8.470868266557401993e-01 0.000000000000000000e+00
8.588828559546258790e-01 0.000000000000000000e+00
8.708431497690723999e-01 0.000000000000000000e+00
8.829699955494082486e-01 0.000000000000000000e+00
8.952657125996400511e-01 0.000000000000000000e+00
9.077326525210223096e-01 0.000000000000000000e+00
9.203731996618230715e-01 0.000000000000000000e+00
9.331897715733238341e-01 0.000000000000000000e+00
9.461848194721992344e-01 0.000000000000000000e+00
9.593608287093147169e-01 0.000000000000000000e+00
9.727203192450537550e-01 0.000000000000000000e+00
9.862658461312830971e-01 0.000000000000000000e+00
1.000000000000000000e+00 0.000000000000000000e+00
