# Posterior distribution for f, given N = 2 merger events at LIGO O3. PBH Mass: 0.5 M_sunPrior: jeffreys
# Columns: f, P(f|N)
9.999999999999999547e-07 1.509943048834062289e-13
1.071891319205128528e-06 1.993257839481664834e-13
1.148951000187308475e-06 2.631275893734474939e-13
1.231550603292826123e-06 3.473515850071793313e-13
1.320088400831416760e-06 4.585346654365953108e-13
1.414991297434575852e-06 6.053061044903987692e-13
1.516716888470924146e-06 7.990572994962115513e-13
1.625755666443793459e-06 1.054825892028957751e-12
1.742633386009650705e-06 1.392462884204391227e-12
1.867913599020780929e-06 1.838173333574737531e-12
2.002200371815584564e-06 2.426550204040071795e-12
2.146141197858405979e-06 3.203259225202809683e-12
2.300430119772916844e-06 4.228583138852994787e-12
2.465811075822603893e-06 5.582100410196329913e-12
2.643081486974102836e-06 7.368861529618463428e-12
2.833096101839324281e-06 9.727542261739955981e-12
3.036771118035460538e-06 1.284120663304507022e-11
3.255088599835056550e-06 1.695151499563049838e-11
3.489101213406773843e-06 2.237747988231987110e-11
3.739937302478793814e-06 2.954022532874645181e-11
4.008806328898464506e-06 3.899567127422700366e-11
4.297004704320844031e-06 5.147767972638320458e-11
4.605922041145103558e-06 6.795501131981113359e-11
4.937047852839003774e-06 8.970651273060291633e-11
5.291978735958436362e-06 1.184203703090785532e-10
5.672426068491977286e-06 1.563251330698102629e-10
6.080224261649427418e-06 2.063626737833591272e-10
6.517339604882419798e-06 2.724165116949066101e-10
6.985879746785248997e-06 3.596132169400331297e-10
7.488103857590030710e-06 4.747202884697020528e-10
8.026433522257174640e-06 6.266713843834867127e-10
8.603464416684508890e-06 8.272596670202954352e-10
9.221978823334321272e-06 1.092053071939741219e-09
9.884959046625586455e-06 1.441602532477267760e-09
1.059560179277614854e-05 1.903036926317038965e-09
1.135733358343105172e-05 2.512168521645479833e-09
1.217382727739661976e-05 3.316272316634828016e-09
1.304901978014401602e-05 4.377754961186946146e-09
1.398713102647238687e-05 5.778997981638573342e-09
1.499268432786047117e-05 7.628751153482232787e-09
1.607052818261638468e-05 1.007057215390414501e-08
1.722585965398787565e-05 1.329396740699621023e-08
1.846424942895542385e-05 1.754909862752613773e-08
1.979166867853557454e-05 2.316619623266655696e-08
2.121451784910627868e-05 3.058118598488985278e-08
2.273965752357927516e-05 4.036951727793207543e-08
2.437444150122221616e-05 5.329081776591999534e-08
2.612675225563326344e-05 7.034783890489134291e-08
2.800503894183631128e-05 9.286426554685557353e-08
3.001835813575592089e-05 1.225874259431590017e-07
3.217641750250735676e-05 1.618238697976776956e-07
3.448962260405759859e-05 2.136183310397805951e-07
3.696912707195024335e-05 2.819899562785203663e-07
3.962688638701478144e-05 3.722441200843559250e-07
4.247571552536893796e-05 4.913840082159580153e-07
4.552935074866947907e-05 6.486538833924861944e-07
4.880251583654433487e-05 8.562561537942454705e-07
5.231099308056257952e-05 1.130297831794301411e-06
5.607169938205458130e-05 1.492039741034704765e-06
6.010276782070387642e-05 1.969545277554007588e-06
6.442363508721369713e-05 2.599856466748005617e-06
6.905513520162330260e-05 3.431865870990224488e-06
7.401959996915637120e-05 4.530106741469644023e-06
7.934096665797492082e-05 5.979754822327028968e-06
8.504489341802668747e-05 7.893228874208346816e-06
9.115888299750818402e-05 1.041890049236906748e-05
9.771241535346501675e-05 1.375258663972058085e-05
1.047370897959449686e-04 1.815271298949646493e-05
1.122667773510813578e-04 2.396031911512921651e-05
1.203377840777589337e-04 3.162544940173510051e-05
1.289890261253308021e-04 4.174196471619191290e-05
1.382622173764654864e-04 5.509345671966758785e-05
1.482020705798858503e-04 7.271379829138979929e-05
1.588565129428052810e-04 9.596698421448043208e-05
1.702769172225899476e-04 1.266523904154926252e-04
1.825183494319042592e-04 1.671435181123084770e-04
1.956398343517062703e-04 2.205708356727984680e-04
2.097046401323232709e-04 2.910626744747910944e-04
2.247805833548725178e-04 3.840625215448785295e-04
2.409403560239524325e-04 5.067468012859296196e-04
2.582618760682674902e-04 6.685747666911217354e-04
2.768286630392063972e-04 8.820119651110996896e-04
2.967302408188869536e-04 1.163481599394299232e-03
3.180625692794118915e-04 1.534614865275091495e-03
3.409285069746810937e-04 2.023893154058967973e-03
3.654383070957254701e-04 2.668803323132510306e-03
3.917101490809256391e-04 3.518663900557530890e-03
4.198707084443910179e-04 4.638327422453639159e-03
4.500557675700497698e-04 6.113024989984883022e-03
4.824108704165368721e-04 8.054697130815798717e-03
5.170920242896755517e-04 1.061025447156184291e-02
5.542664520663101490e-04 1.397248739404122544e-02
5.941133984965033281e-04 1.839350232945962879e-02
6.368249944718586218e-04 2.420363224548196732e-02
6.826071834272385728e-04 3.183441903928117128e-02
7.316807143427192690e-04 4.184898162507768443e-02
7.842822061337682274e-04 5.498088612592461760e-02
8.406652885618325121e-04 7.218387587406858985e-02
9.011018251665018231e-04 9.469518482696444306e-02
9.658832241158698054e-04 1.241156851718860366e-01
1.035321843295661671e-03 1.625106672924448992e-01
1.109752496412072130e-03 2.125355668562916578e-01
1.189534067370319513e-03 2.775913543401627437e-01
1.275051240713012809e-03 3.620144541363683466e-01
1.366716356462005988e-03 4.713057679116182674e-01
1.464971398307284749e-03 6.124023659759000315e-01
1.570290124729377445e-03 7.939933160234744491e-01
1.683180353330956556e-03 1.026877482266650654e+00
1.804186409392071833e-03 1.324355415212129961e+00
1.933891750455230159e-03 1.702639083805719489e+00
2.072921779595369735e-03 2.181251872794784497e+00
2.221946860939523916e-03 2.783376065668506261e+00
2.381685551976158062e-03 3.536087766743327254e+00
2.552908068239516468e-03 4.470398729326650944e+00
2.736439997074669155e-03 5.621005278176713915e+00
2.933166278390042427e-03 7.025628725012334819e+00
3.144035471591500111e-03 8.723825153803957733e+00
3.370064329271928172e-03 1.075515138853043773e+01
3.612342699709430310e-03 1.315660489874190731e+01
3.872038781812553020e-03 1.595931348325053811e+01
4.150404757850472380e-03 1.918453745841625846e+01
4.448782831127585241e-03 2.283915887795724942e+01
4.768611697714469390e-03 2.691095831110876091e+01
5.111433483440165799e-03 3.136410269551397789e+01
5.478901179593939109e-03 3.613536647545507918e+01
5.872786613189477124e-03 4.113166147549392804e+01
6.294988990221887619e-03 4.622944246182470351e+01
6.747544053110693212e-03 5.127647722173182387e+01
7.232633896483533706e-03 5.609632356343640680e+01
7.752597488629456302e-03 6.049564930018828335e+01
8.309941949353387078e-03 6.427427687456253125e+01
8.907354638610439843e-03 6.723754447472124696e+01
9.547716114208055702e-03 6.921026446217024386e+01
1.023411402105452693e-02 7.005124777982143769e+01
1.096985797892384082e-02 6.966708206804518966e+01
1.175849554052155709e-02 6.802365023180304604e+01
1.260382929679727468e-02 6.515381815059825499e+01
1.350993521198025175e-02 6.115987096429924463e+01
1.448118227674533021e-02 5.620968554605970269e+01
1.552225357427047987e-02 5.052629930502512678e+01
1.663816886076127308e-02 4.437141644360538351e+01
1.783430876931909465e-02 3.802435528253374741e+01
1.911644075385699609e-02 3.175879946187859915e+01
2.049074689815846145e-02 2.582026505444131814e+01
2.196385372416546911e-02 2.040726331499158164e+01
2.354286414322415491e-02 1.565864504576940064e+01
2.523539170434765944e-02 1.164861307325831596e+01
2.704959730463131484e-02 8.389578408109882091e+00
2.899422853882875281e-02 5.841705269376796572e+00
3.107866187782013997e-02 3.926949553656217340e+00
3.331294787934670210e-02 2.544877928031029413e+00
3.570785964900462933e-02 1.587646033623179465e+00
3.827494478516307169e-02 9.521295648858728589e-01
4.102658105827190066e-02 5.481228054632005797e-01
4.397603609302721400e-02 3.024739491396420954e-01
4.713753134116719506e-02 1.597797482258699886e-01
5.052631065335679711e-02 8.068307648867160953e-02
5.415871378079464837e-02 3.889399930847685372e-02
5.805225516094895954e-02 1.724056240151451702e-02
6.222570836730231120e-02 7.542443943858587879e-03
6.669919663030114687e-02 3.187348185799166421e-03
7.149428986597576585e-02 1.303315300096801127e-03
7.663410868007446142e-02 5.124288691801254366e-04
8.214343584919421570e-02 1.908198670654918916e-04
8.804883581643464796e-02 6.593941558224303669e-05
9.437878277775371694e-02 2.071214011423925283e-05
1.011637979766207007e-01 5.817608157778910161e-06
1.084365968689608717e-01 1.450748646778585276e-06
1.162322468679851811e-01 3.250543713838566864e-07
1.245883364295008178e-01 6.879282149419066456e-08
1.335451562929897418e-01 1.515036159455200266e-08
1.431458937523478470e-01 3.749075834859498202e-09
1.534368408930009975e-01 1.000215786275926742e-09
1.644676177994662813e-01 2.583345694436180180e-10
1.762914118095947891e-01 5.966713935275760426e-11
1.889652339691207661e-01 1.181865960474446507e-11
2.025501939230666404e-01 1.958309911316800037e-12
2.171117945694500950e-01 2.659656063144215518e-13
2.327202478960407328e-01 2.900580439690364413e-14
2.494508135230316670e-01 2.485052468259726665e-15
2.673841615839944175e-01 1.635710950521999501e-16
2.866067616948250185e-01 8.190909770828679216e-18
3.072112998861752931e-01 3.506044065401012895e-19
3.292971255097147942e-01 2.598370164526090661e-20
3.529707302730650254e-01 4.704215718645750019e-21
3.783462617131925221e-01 9.462633222914868705e-22
4.055460735840827891e-01 1.631369481113600746e-22
4.347013158125017651e-01 2.317456004005473585e-23
4.659525668664677434e-01 2.656657037844096951e-24
4.994505115855140120e-01 2.405010328566100442e-25
5.353566677410719343e-01 1.678903388983814558e-26
5.738441648302392561e-01 8.804283278587117802e-28
6.150985788580504154e-01 3.369859916506556659e-29
6.593188271333542128e-01 9.120372860161572194e-31
7.067181273927490848e-01 1.685571572459325988e-32
7.575250258771905054e-01 2.047132635124286102e-34
8.119844993184008874e-01 1.566269511774540484e-36
8.703591361485165656e-01 7.206541273770232443e-39
9.329304026284677143e-01 1.894615256243761855e-41
1.000000000000000000e+00 2.690434338855051259e-44
