# Posterior distribution for f, given N merger events. PBH Mass: 0.4 M_sun
# Columns: f, P(f|N=1), P(f|N=10), P(f|N=100)
9.999999999999999547e-07 7.885379628655910265e-06 7.867898813600317052e-79 0.000000000000000000e+00
1.071891319205128528e-06 9.059913836132327795e-06 3.154086436575223778e-78 0.000000000000000000e+00
1.148951000187308475e-06 1.040939585738849455e-05 1.264411382980296198e-77 0.000000000000000000e+00
1.231550603292826123e-06 1.195988428900983206e-05 5.068776976155781393e-77 0.000000000000000000e+00
1.320088400831416760e-06 1.374131916825806734e-05 2.031973066007775815e-76 0.000000000000000000e+00
1.414991297434575852e-06 1.578810031474888359e-05 8.145780209133513044e-76 0.000000000000000000e+00
1.516716888470924146e-06 1.813975081351544891e-05 3.265482818340621409e-75 0.000000000000000000e+00
1.625755666443793459e-06 2.084168132826157298e-05 1.309067651163955626e-74 0.000000000000000000e+00
1.742633386009650705e-06 2.394606625381492831e-05 5.247793646764953375e-74 0.000000000000000000e+00
1.867913599020780929e-06 2.751285137312845693e-05 2.103736664096907711e-73 0.000000000000000000e+00
2.002200371815584564e-06 3.161091140330317341e-05 8.433463467185821273e-73 0.000000000000000000e+00
2.146141197858405979e-06 3.631937995670345880e-05 3.380808119019712349e-72 0.000000000000000000e+00
2.300430119772916844e-06 4.172917759790422391e-05 1.355298747615833050e-71 0.000000000000000000e+00
2.465811075822603893e-06 4.794476750220251932e-05 5.433122631483591731e-71 0.000000000000000000e+00
2.643081486974102836e-06 5.508617261610825689e-05 2.178030368718644646e-70 0.000000000000000000e+00
2.833096101839324281e-06 6.329129326945070371e-05 8.731287784290665432e-70 0.000000000000000000e+00
3.036771118035460538e-06 7.271856998994833787e-05 3.500198054654369554e-69 0.000000000000000000e+00
3.255088599835056550e-06 8.355004293630887097e-05 1.403158963361087799e-68 0.000000000000000000e+00
3.489101213406773843e-06 9.599486702380133558e-05 5.624981066617453743e-68 0.000000000000000000e+00
3.739937302478793814e-06 1.102933506146109622e-04 2.254941002635706231e-67 0.000000000000000000e+00
4.008806328898464506e-06 1.267215957539094974e-04 9.039600232201501108e-67 0.000000000000000000e+00
4.297004704320844031e-06 1.455968295466991886e-04 3.623791324949499896e-66 0.000000000000000000e+00
4.605922041145103558e-06 1.672835296141123897e-04 1.452703708196899447e-65 0.000000000000000000e+00
4.937047852839003774e-06 1.922004618985416143e-04 5.823590228142699240e-65 0.000000000000000000e+00
5.291978735958436362e-06 2.208287667006846098e-04 2.334556893763297467e-64 0.000000000000000000e+00
5.672426068491977286e-06 2.537212490679647040e-04 9.358753225617319132e-64 0.000000000000000000e+00
6.080224261649427418e-06 2.915130529034813179e-04 3.751728461881080129e-63 0.000000000000000000e+00
6.517339604882419798e-06 3.349339248760279091e-04 1.503988987541388993e-62 0.000000000000000000e+00
6.985879746785248997e-06 3.848223049000729047e-04 6.029173155912704581e-62 0.000000000000000000e+00
7.488103857590030710e-06 4.421415152119040717e-04 2.416966796619907905e-61 0.000000000000000000e+00
8.026433522257174640e-06 5.079983605738970856e-04 9.689099626836321603e-61 0.000000000000000000e+00
8.603464416684508890e-06 5.836644986746909649e-04 3.884149607960767204e-60 0.000000000000000000e+00
9.221978823334321272e-06 6.706009932549276704e-04 1.557070394082767189e-59 0.000000000000000000e+00
9.884959046625586455e-06 7.704865239075313127e-04 6.241950076673862517e-59 0.000000000000000000e+00
1.059560179277614854e-05 8.852497970604835406e-04 2.502257814410523934e-58 0.000000000000000000e+00
1.135733358343105172e-05 1.017106783708112121e-03 1.003098330983147689e-57 0.000000000000000000e+00
1.217382727739661976e-05 1.168603502574737732e-03 4.021190230052420394e-57 0.000000000000000000e+00
1.304901978014401602e-05 1.342665174363028621e-03 1.612001160154829087e-56 0.000000000000000000e+00
1.398713102647238687e-05 1.542652695617799516e-03 6.462129550820286063e-56 0.000000000000000000e+00
1.499268432786047117e-05 1.772427521884186504e-03 2.590511373026712799e-55 0.000000000000000000e+00
1.607052818261638468e-05 2.036426211970868410e-03 1.038472084436136502e-54 0.000000000000000000e+00
1.722585965398787565e-05 2.339746071355556199e-03 4.162972783115266414e-54 0.000000000000000000e+00
1.846424942895542385e-05 2.688243546663486062e-03 1.668828361904081128e-53 0.000000000000000000e+00
1.979166867853557454e-05 3.088647268809651542e-03 6.689891180676608872e-53 0.000000000000000000e+00
2.121451784910627868e-05 3.548687924523543681e-03 2.681795340346853918e-52 0.000000000000000000e+00
2.273965752357927516e-05 4.077247459965811956e-03 1.075056556359857049e-51 0.000000000000000000e+00
2.437444150122221616e-05 4.684530492183571794e-03 4.309590319429839108e-51 0.000000000000000000e+00
2.612675225563326344e-05 5.382261231326988110e-03 1.727585439278844137e-50 0.000000000000000000e+00
2.800503894183631128e-05 6.183909706987219222e-03 6.925351460550129050e-50 0.000000000000000000e+00
3.001835813575592089e-05 7.104951655029653756e-03 2.776148428629665047e-49 0.000000000000000000e+00
3.217641750250735676e-05 8.163167067535843924e-03 1.112863629515174584e-48 0.000000000000000000e+00
3.448962260405759859e-05 9.378983150143776343e-03 4.461073911563887638e-48 0.000000000000000000e+00
3.696912707195024335e-05 1.077586828213462564e-02 1.788277299521189066e-47 0.000000000000000000e+00
3.962688638701478144e-05 1.238078455100746766e-02 7.168495635123635266e-47 0.000000000000000000e+00
4.247571552536893796e-05 1.422470755323197028e-02 2.873549013661553618e-46 0.000000000000000000e+00
4.552935074866947907e-05 1.634322343716079068e-02 1.151877463486205470e-45 0.000000000000000000e+00
4.880251583654433487e-05 1.877721463640696919e-02 4.617327301433846774e-45 0.000000000000000000e+00
5.231099308056257952e-05 2.157364742934759702e-02 1.850850385954951321e-44 0.000000000000000000e+00
5.607169938205458130e-05 2.478647639344991327e-02 7.419040575622342685e-44 0.000000000000000000e+00
6.010276782070387642e-05 2.847768303666100426e-02 2.973852298640250734e-43 0.000000000000000000e+00
6.442363508721369713e-05 3.271846842158700891e-02 1.192025693857429187e-42 0.000000000000000000e+00
6.905513520162330260e-05 3.759062249617332180e-02 4.777994864793292903e-42 0.000000000000000000e+00
7.401959996915637120e-05 4.318809615728821938e-02 1.915132135839676469e-41 0.000000000000000000e+00
7.934096665797492082e-05 4.961880585747667494e-02 7.676157130467985206e-41 0.000000000000000000e+00
8.504489341802668747e-05 5.700670488323159729e-02 3.076662964596842281e-40 0.000000000000000000e+00
9.115888299750818402e-05 6.549416035577662609e-02 1.233121013749398907e-39 0.000000000000000000e+00
9.771241535346501675e-05 7.524468061038401545e-02 4.942193605673558842e-39 0.000000000000000000e+00
1.047370897959449686e-04 8.644604398318882221e-02 1.980708019445121383e-38 0.000000000000000000e+00
1.122667773510813578e-04 9.931388726856504867e-02 7.937905957913881350e-38 0.000000000000000000e+00
1.203377840777589337e-04 1.140958203058319020e-01 3.181076317355675397e-37 0.000000000000000000e+00
1.289890261253308021e-04 1.310761424180090784e-01 1.274742408687374320e-36 0.000000000000000000e+00
1.382622173764654864e-04 1.505812468685885641e-01 5.107968277948017266e-36 0.000000000000000000e+00
1.482020705798858503e-04 1.729858112373198753e-01 2.046671581271988047e-35 0.000000000000000000e+00
1.588565129428052810e-04 1.987198847523891920e-01 8.200091019253862852e-35 0.000000000000000000e+00
1.702769172225899476e-04 2.282769982540998610e-01 3.285152508085620227e-34 0.000000000000000000e+00
1.825183494319042592e-04 2.622234386851737264e-01 1.315994096048257771e-33 0.000000000000000000e+00
1.956398343517062703e-04 3.012088478544444614e-01 5.271186497404268050e-33 0.000000000000000000e+00
2.097046401323232709e-04 3.459783247024255104e-01 2.111118207056467652e-32 0.000000000000000000e+00
2.247805833548725178e-04 3.973862313331285034e-01 8.453941172970179434e-32 0.000000000000000000e+00
2.409403560239524325e-04 4.564119254817289861e-01 3.384855333159920294e-31 0.000000000000000000e+00
2.582618760682674902e-04 5.241776655239617222e-01 1.355020090684051657e-30 0.000000000000000000e+00
2.768286630392063972e-04 6.019689580500173776e-01 5.423319833658850138e-30 0.000000000000000000e+00
2.967302408188869536e-04 6.912576415805651298e-01 2.170131757966274604e-29 0.000000000000000000e+00
3.180625692794118915e-04 7.937280219604549991e-01 8.681486950464487215e-29 0.000000000000000000e+00
3.409285069746810937e-04 9.113063935664369453e-01 3.471945554697607435e-28 0.000000000000000000e+00
3.654383070957254701e-04 1.046194293252488583e+00 1.388045605733352717e-27 0.000000000000000000e+00
3.917101490809256391e-04 1.200905837566335510e+00 5.547089134032338094e-27 0.000000000000000000e+00
4.198707084443910179e-04 1.378309483658458623e+00 2.215810186495653043e-26 0.000000000000000000e+00
4.500557675700497698e-04 1.581674524413410277e+00 8.846629168738038771e-26 0.000000000000000000e+00
4.824108704165368721e-04 1.814722570687339775e+00 3.529951458328904110e-25 1.095576982847703577e-316
5.170920242896755517e-04 2.081684177757688659e+00 1.407564864844617752e-24 1.137090069237718158e-310
5.542664520663101490e-04 2.387360625846285167e+00 5.608344729058428854e-24 1.172402845019371781e-304
5.941133984965033281e-04 2.737190648944903604e+00 2.232643371118485300e-23 1.202140323504510216e-298
6.368249944718586218e-04 3.137321601004594118e+00 8.879065752664703256e-23 1.224854747335003543e-292
6.826071834272385728e-04 3.594684127849651301e+00 3.527081505767229847e-22 1.238999220906237139e-286
7.316807143427192690e-04 4.117068845628296891e+00 1.399239895244561221e-21 1.242982010483152386e-280
7.842822061337682274e-04 4.713202775452928428e+00 5.542623582193373660e-21 1.235245851050593745e-274
8.406652885618325121e-04 5.392822307377361568e+00 2.191753752096540587e-20 1.214375138214090385e-268
9.011018251665018231e-04 6.166738219807129440e+00 8.649979003058567225e-20 1.179231245590146634e-262
9.658832241158698054e-04 7.046886717322932370e+00 3.406155752476457076e-19 1.129111803981488489e-256
1.035321843295661671e-03 8.046358530423660227e+00 1.337836489010046907e-18 1.063923397578103152e-250
1.109752496412072130e-03 9.179395818796608708e+00 5.239324975507923135e-18 9.843490048830463959e-245
1.189534067370319513e-03 1.046134393719673383e+01 2.045058531305839716e-17 8.919826346626489864e-239
1.275051240713012809e-03 1.190854210907106925e+01 7.952359769037630915e-17 7.893960549756829356e-233
1.366716356462005988e-03 1.353813383089546818e+01 3.079094487467961486e-16 6.800995516478314706e-227
1.464971398307284749e-03 1.536777463085493522e+01 1.186413941292428652e-15 5.683643580309245644e-221
1.570290124729377445e-03 1.741521200804345426e+01 4.546272071013134886e-15 4.588924716494772632e-215
1.683180353330956556e-03 1.969771055218245337e+01 1.731283193912136572e-14 3.563512218944608337e-209
1.804186409392071833e-03 2.223129518508155655e+01 6.546775468329890707e-14 2.648312542883233270e-203
1.933891750455230159e-03 2.502978821266626142e+01 2.456123216788193835e-13 1.873266415352701398e-197
2.072921779595369735e-03 2.810362268778374073e+01 9.133031869034446308e-13 1.253577089710281935e-191
2.221946860939523916e-03 3.145842682321085348e+01 3.362495257642470662e-12 7.884363807862317317e-186
2.381685551976158062e-03 3.509339320926336825e+01 1.224308360626894259e-11 4.627541208992024972e-180
2.552908068239516468e-03 3.899947315838529960e+01 4.403159451887641179e-11 2.515204207185510225e-174
2.736439997074669155e-03 4.315747081157089582e+01 1.562096534565816965e-10 1.255706918233355313e-168
2.933166278390042427e-03 4.753615212728595196e+01 5.459000433161957367e-10 5.708903393335488609e-163
3.144035471591500111e-03 5.209052726585436943e+01 1.876477347698028010e-09 2.342400720799563327e-157
3.370064329271928172e-03 5.676050544241368101e+01 6.334887727605656492e-09 8.593877066294827798e-152
3.612342699709430310e-03 6.147015116644654853e+01 2.097129725984147988e-08 2.792838186975181325e-146
3.872038781812553020e-03 6.612778064575583414e+01 6.797067863699600404e-08 7.964095999337234900e-141
4.150404757850472380e-03 7.062711804519840086e+01 2.153528397360322783e-07 1.974385298358653434e-135
4.448782831127585241e-03 7.484967699677883957e+01 6.659612053462805611e-07 4.217361147956338969e-130
4.768611697714469390e-03 7.866844229546410361e+01 2.007138415957687564e-06 7.696309469602099808e-125
5.111433483440165799e-03 8.195280632413502531e+01 5.887487947370666241e-06 1.190568664171703789e-119
5.478901179593939109e-03 8.457457810071102244e+01 1.678582883034748685e-05 1.550204100907371482e-114
5.872786613189477124e-03 8.641474893529378676e+01 4.646208666725720944e-05 1.688475449935256726e-109
6.294988990221887619e-03 8.737058763457412169e+01 1.247187071378075187e-04 1.530310708221292461e-104
6.747544053110693212e-03 8.736256606606887942e+01 3.243593722015186047e-04 1.149076676038928085e-99
7.232633896483533706e-03 8.634059061539952040e+01 8.166144584282809165e-04 7.123306012612914374e-95
7.752597488629456302e-03 8.428903514524328955e+01 1.988753931899773716e-03 3.635637427113089823e-90
8.309941949353387078e-03 8.123012793383855978e+01 4.682013493039044981e-03 1.524414630398781693e-85
8.907354638610439843e-03 7.722532814159873737e+01 1.064912702628715256e-02 5.241693535571813793e-81
9.547716114208055702e-03 7.237442947035863483e+01 2.338760867677453295e-02 1.475607438010373396e-76
1.023411402105452693e-02 6.681224937863817104e+01 4.956981988075440104e-02 3.394967745930274244e-72
1.096985797892384082e-02 6.070290699880587937e+01 1.013391973634836379e-01 6.369926645019480333e-68
1.175849554052155709e-02 5.423186842174917643e+01 1.997222594918277860e-01 9.719672706474121713e-64
1.260382929679727468e-02 4.759614485019596941e+01 3.792357345537500923e-01 1.201636661119735260e-59
1.350993521198025175e-02 4.099325493309918755e+01 6.933459441430070980e-01 1.197778339890758327e-55
1.448118227674533021e-02 3.460977864853988706e+01 1.219686959980474494e+00 9.565918246270928057e-52
1.552225357427047987e-02 2.861045238817238001e+01 2.062896864442125278e+00 6.072664471327235273e-48
1.663816886076127308e-02 2.312914458506386950e+01 3.351836963024013016e+00 3.034511945640820310e-44
1.783430876931909465e-02 1.826182175262917085e+01 5.227363631449950532e+00 1.179568452861655111e-40
1.911644075385699609e-02 1.406366814437448554e+01 7.817522663834015617e+00 3.517079832596495673e-37
2.049074689815846145e-02 1.054926340959653430e+01 1.119979879338107587e+01 7.912647777407906359e-34
2.196385372416546911e-02 7.696539781425426163e+00 1.535508743281164179e+01 1.317898032009532836e-30
2.354286414322415491e-02 5.453608304122517403e+00 2.012439661798077495e+01 1.590089416202080843e-27
2.523539170434765944e-02 3.747481818693058742e+00 2.518451367902116900e+01 1.356024971533059316e-24
2.704959730463131484e-02 2.493468923442834217e+00 3.005959967096674035e+01 7.952151398096594139e-22
2.899422853882875281e-02 1.604024381163315027e+00 3.417910680539327473e+01 3.110920851477907463e-19
3.107866187782013997e-02 9.960677367791843650e-01 3.697840320536514724e+01 7.855055973194994515e-17
3.331294787934670210e-02 5.961601921682068150e-01 3.802098317851176290e+01 1.236107851802048486e-14
3.570785964900462933e-02 3.433664019767968534e-01 3.710755951859488277e+01 1.169878003644940588e-12
3.827494478516307169e-02 1.900199791782190839e-01 3.433539160578241933e+01 6.441975361913009827e-11
4.102658105827190066e-02 1.008826966391946217e-01 3.008441171728678398e+01 2.015084186072327131e-09
4.397603609302721400e-02 5.130320679353458924e-02 2.493129006354907062e+01 3.577371933875208633e-08
4.713753134116719506e-02 2.495308188574241540e-02 1.951827985492877460e+01 3.776856351037685082e-07
5.052631065335679711e-02 1.159175492297926692e-02 1.441880140342879635e+01 2.667990149988937927e-06
5.415871378079464837e-02 5.131932421420328828e-03 1.003953181484377488e+01 1.478447077119192795e-05
5.805225516094895954e-02 2.162482380910888194e-03 6.581272083824544872e+00 7.161381377443377797e-05
6.222570836730231120e-02 8.661586645179946775e-04 4.057364965738694984e+00 3.131702932198897056e-04
6.669919663030114687e-02 3.295258743238573462e-04 2.349919046993367733e+00 1.241245751892538444e-03
7.149428986597576585e-02 1.190741913086718176e-04 1.277275485047854708e+00 4.460235255110180271e-03
7.663410868007446142e-02 4.088037319086052651e-05 6.508774517774128521e-01 1.453209807026490524e-02
8.214343584919421570e-02 1.332506227350594417e-05 3.106483979254310301e-01 4.293434154874577191e-02
8.804883581643464796e-02 4.108321341604021238e-06 1.387326979828474305e-01 1.150304993556107158e-01
9.437878277775371694e-02 1.188847306418564113e-06 5.791957305542258516e-02 2.794928511238618518e-01
1.011637979766207007e-01 3.196926916502484995e-07 2.229195711803495447e-02 6.158700495076576686e-01
1.084365968689608717e-01 7.936498610611857574e-08 8.019652367276149108e-03 1.230761503845908544e+00
1.162322468679851811e-01 1.827794897353684139e-08 2.752422604731632420e-03 2.230624769194353263e+00
1.245883364295008178e-01 3.993572268091585835e-09 9.063408018252648753e-04 3.666441600909103649e+00
1.335451562929897418e-01 8.555976072763910204e-10 2.779775494173144308e-04 5.465422401652283213e+00
1.431458937523478470e-01 1.825479554243335935e-10 7.560529521201868146e-05 7.388501436404098399e+00
1.534368408930009975e-01 3.778997188773046821e-11 1.769836832181333840e-05 9.058036588932061761e+00
1.644676177994662813e-01 7.194198552770881530e-12 3.668545515083726395e-06 1.007041088304267618e+01
1.762914118095947891e-01 1.196387376753698643e-12 7.539922664113218510e-07 1.015278995559760489e+01
1.889652339691207661e-01 1.676749190556061975e-13 1.713914697695963051e-07 9.281925608994031407e+00
2.025501939230666404e-01 1.946538752586361435e-14 4.036647791434627387e-08 7.694752017099121488e+00
2.171117945694500950e-01 1.905818234718109426e-15 8.427062277769049506e-09 5.784218737533263877e+00
2.327202478960407328e-01 1.762773173867392627e-16 1.407630573307416625e-09 3.942561802168155882e+00
2.494508135230316670e-01 1.961563314838174405e-17 1.789115078357773229e-10 2.436615153477433626e+00
2.673841615839944175e-01 2.826288788688203056e-18 1.695257755360427175e-11 1.365406002811188957e+00
2.866067616948250185e-01 4.212188743253119308e-19 1.269505730923034315e-12 6.937387902213741908e-01
3.072112998861752931e-01 5.454076574695947722e-20 1.095173733229063493e-13 0.000000000000000000e+00
3.292971255097147942e-01 5.738648026399848790e-21 1.715759606757252836e-14 0.000000000000000000e+00
3.529707302730650254e-01 4.753168369994028150e-22 3.197647523195875362e-15 0.000000000000000000e+00
3.783462617131925221e-01 3.018813033239069943e-23 4.898250028716790398e-16 0.000000000000000000e+00
4.055460735840827891e-01 1.430243351340544335e-24 5.634855850755585941e-17 0.000000000000000000e+00
4.347013158125017651e-01 4.905485955268462954e-26 4.692834753858643557e-18 0.000000000000000000e+00
4.659525668664677434e-01 1.181199602981598093e-27 2.735448874050723404e-19 0.000000000000000000e+00
4.994505115855140120e-01 1.998156903074493247e-29 1.075759318958277609e-20 0.000000000000000000e+00
5.353566677410719343e-01 3.749702371882042731e-31 2.741389054977398435e-22 0.000000000000000000e+00
5.738441648302392561e-01 2.927967471750247666e-32 4.341075897084430416e-24 0.000000000000000000e+00
6.150985788580504154e-01 3.682046713669262895e-33 4.451579102883794830e-26 0.000000000000000000e+00
6.593188271333542128e-01 3.888861562891351972e-34 1.287733104998105141e-27 0.000000000000000000e+00
7.067181273927490848e-01 3.236325143375912750e-35 2.180580811218271979e-28 0.000000000000000000e+00
7.575250258771905054e-01 2.068003242740146859e-36 3.368347565755163507e-29 0.000000000000000000e+00
8.119844993184008874e-01 9.875266032147716638e-38 3.897215799415723979e-30 0.000000000000000000e+00
8.703591361485165656e-01 3.420495190052778441e-39 3.269700238641296964e-31 0.000000000000000000e+00
9.329304026284677143e-01 8.315680827508902528e-41 1.924815608899512781e-32 0.000000000000000000e+00
1.000000000000000000e+00 1.368532103934189775e-42 7.667839660806821580e-34 0.000000000000000000e+00
