# Posterior distribution for f, given N merger events. PBH Mass: 0.2 M_sun
# Columns: f, P(f|N=1), P(f|N=10), P(f|N=100)
9.999999999999999547e-07 1.940778086925849146e-05 4.304588613917214392e-76 0.000000000000000000e+00
1.071891319205128528e-06 2.229858722896922263e-05 1.725625274824819469e-75 0.000000000000000000e+00
1.148951000187308475e-06 2.561998125308450000e-05 6.917693498159572895e-75 0.000000000000000000e+00
1.231550603292826123e-06 2.943609955415582016e-05 2.773167611039425854e-74 0.000000000000000000e+00
1.320088400831416760e-06 3.382063164117286939e-05 1.111708437492519197e-73 0.000000000000000000e+00
1.414991297434575852e-06 3.885824310790075332e-05 4.456620584196086060e-73 0.000000000000000000e+00
1.516716888470924146e-06 4.464621052127695766e-05 1.786571482878183870e-72 0.000000000000000000e+00
1.625755666443793459e-06 5.129629982538749062e-05 7.162013030482735637e-72 0.000000000000000000e+00
1.742633386009650705e-06 5.893692453220423854e-05 2.871109707446696888e-71 0.000000000000000000e+00
1.867913599020780929e-06 6.771562537270301558e-05 1.150971148707438310e-70 0.000000000000000000e+00
2.002200371815584564e-06 7.780191928906096731e-05 4.614015547222463223e-70 0.000000000000000000e+00
2.146141197858405979e-06 8.939057278019604499e-05 1.849667362123441469e-69 0.000000000000000000e+00
2.300430119772916844e-06 1.027053628066560017e-04 7.414949091589980754e-69 0.000000000000000000e+00
2.465811075822603893e-06 1.180033978749175439e-04 2.972505528177718866e-68 0.000000000000000000e+00
2.643081486974102836e-06 1.355800827373474090e-04 1.191618183133318436e-67 0.000000000000000000e+00
2.833096101839324281e-06 1.557748225711500726e-04 4.776959082729047182e-67 0.000000000000000000e+00
3.036771118035460538e-06 1.789775767774366342e-04 1.914987157039815314e-66 0.000000000000000000e+00
3.255088599835056550e-06 2.056363889458040115e-04 7.676798645871398004e-66 0.000000000000000000e+00
3.489101213406773843e-06 2.362660383770239479e-04 3.077473824910130124e-65 0.000000000000000000e+00
3.739937302478793814e-06 2.714579802105309748e-04 1.233697014931266120e-64 0.000000000000000000e+00
4.008806328898464506e-06 3.118917660820396689e-04 4.945640923411576796e-64 0.000000000000000000e+00
4.297004704320844031e-06 3.583481658202366431e-04 1.982606669062883504e-63 0.000000000000000000e+00
4.605922041145103558e-06 4.117242435314557745e-04 7.947864415087854623e-63 0.000000000000000000e+00
4.937047852839003774e-06 4.730506791511059376e-04 3.186135439816656294e-62 0.000000000000000000e+00
5.291978735958436362e-06 5.435116698887006029e-04 1.277255858466276389e-61 0.000000000000000000e+00
5.672426068491977286e-06 6.244677957953559053e-04 5.120253328796224761e-61 0.000000000000000000e+00
6.080224261649427418e-06 7.174822908994152055e-04 2.052602514041225775e-60 0.000000000000000000e+00
6.517339604882419798e-06 8.243512270910294346e-04 8.228451490029956694e-60 0.000000000000000000e+00
6.985879746785248997e-06 9.471381934569680396e-04 3.298611760201646167e-59 0.000000000000000000e+00
7.488103857590030710e-06 1.088214140529176295e-03 1.322342963746835941e-58 0.000000000000000000e+00
8.026433522257174640e-06 1.250303158586241496e-03 5.300987873753997340e-58 0.000000000000000000e+00
8.603464416684508890e-06 1.436535073656887949e-03 2.125050658572284538e-57 0.000000000000000000e+00
9.221978823334321272e-06 1.650505876424386651e-03 8.518860659924856041e-57 0.000000000000000000e+00
9.884959046625586455e-06 1.896347150352950192e-03 3.415021678257291793e-56 0.000000000000000000e+00
1.059560179277614854e-05 2.178805838961607889e-03 1.369005230622059149e-55 0.000000000000000000e+00
1.135733358343105172e-05 2.503335891596197241e-03 5.488029130692909980e-55 0.000000000000000000e+00
1.217382727739661976e-05 2.876203556130982764e-03 2.200023539141479926e-54 0.000000000000000000e+00
1.304901978014401602e-05 3.304608350170810428e-03 8.819375272769445428e-54 0.000000000000000000e+00
1.398713102647238687e-05 3.796822044575363410e-03 3.535475596402559797e-53 0.000000000000000000e+00
1.499268432786047117e-05 4.362348340286388744e-03 1.417285473058038947e-52 0.000000000000000000e+00
1.607052818261638468e-05 5.012106318165609857e-03 5.681542180942261493e-52 0.000000000000000000e+00
1.722585965398787565e-05 5.758641199478922203e-03 2.277584359226469131e-51 0.000000000000000000e+00
1.846424942895542385e-05 6.616366480546254092e-03 9.130235184679950140e-51 0.000000000000000000e+00
1.979166867853557454e-05 7.601842108969969480e-03 3.660063523496608080e-50 0.000000000000000000e+00
2.121451784910627868e-05 8.734094062261121144e-03 1.467216977930056663e-49 0.000000000000000000e+00
2.273965752357927516e-05 1.003498148581357524e-02 5.881647734900918424e-49 0.000000000000000000e+00
2.437444150122221616e-05 1.152961846114167362e-02 2.357775709339424635e-48 0.000000000000000000e+00
2.612675225563326344e-05 1.324685852442196790e-02 9.451584691883666348e-48 0.000000000000000000e+00
2.800503894183631128e-05 1.521985125948445948e-02 3.788831244230540841e-47 0.000000000000000000e+00
3.001835813575592089e-05 1.748668167116054425e-02 1.518812594920080344e-46 0.000000000000000000e+00
3.217641750250735676e-05 2.009110463024214518e-02 6.088372169156561499e-46 0.000000000000000000e+00
3.448962260405759859e-05 2.308338849984897800e-02 2.440596680189459248e-45 0.000000000000000000e+00
3.696912707195024335e-05 2.652128413856586972e-02 9.783367663857563704e-45 0.000000000000000000e+00
3.962688638701478144e-05 3.047113786681595465e-02 3.921732257436186184e-44 0.000000000000000000e+00
4.247571552536893796e-05 3.500916972349927409e-02 1.572042704106006110e-43 0.000000000000000000e+00
4.552935074866947907e-05 4.022294147989200624e-02 6.301546503377435412e-43 0.000000000000000000e+00
4.880251583654433487e-05 4.621304247379348640e-02 2.525956532013192104e-42 0.000000000000000000e+00
5.231099308056257952e-05 5.309502544327537182e-02 1.012511502388900071e-41 0.000000000000000000e+00
5.607169938205458130e-05 6.100162924867037068e-02 4.058530276256290693e-41 0.000000000000000000e+00
6.010276782070387642e-05 7.008533075562778381e-02 1.626790477943242864e-40 0.000000000000000000e+00
6.442363508721369713e-05 8.052127430323499646e-02 6.520601090532107138e-40 0.000000000000000000e+00
6.905513520162330260e-05 9.251063420252042535e-02 2.613580463430924436e-39 0.000000000000000000e+00
7.401959996915637120e-05 1.062844737170199477e-01 1.047551221256246833e-38 0.000000000000000000e+00
7.934096665797492082e-05 1.221081730961541684e-01 4.198600670941458569e-38 0.000000000000000000e+00
8.504489341802668747e-05 1.402865096041209791e-01 1.682760727710765667e-37 0.000000000000000000e+00
9.115888299750818402e-05 1.611694842652043602e-01 6.744147135158659226e-37 0.000000000000000000e+00
9.771241535346501675e-05 1.851590033964981286e-01 2.702817486640324899e-36 0.000000000000000000e+00
1.047370897959449686e-04 2.127165380971634545e-01 1.083151715930898737e-35 0.000000000000000000e+00
1.122667773510813578e-04 2.443719018941432897e-01 4.340525556471970416e-35 0.000000000000000000e+00
1.203377840777589337e-04 2.807333058956200111e-01 1.739294035503684679e-34 0.000000000000000000e+00
1.289890261253308021e-04 3.224988722601132007e-01 6.969123597757763178e-34 0.000000000000000000e+00
1.382622173764654864e-04 3.704698107220499859e-01 2.792248935485396708e-33 0.000000000000000000e+00
1.482020705798858503e-04 4.255654894666567323e-01 1.118656405836175284e-32 0.000000000000000000e+00
1.588565129428052810e-04 4.888406609117546542e-01 4.481269865237238270e-32 0.000000000000000000e+00
1.702769172225899476e-04 5.615051349472131026e-01 1.794988935642012287e-31 0.000000000000000000e+00
1.825183494319042592e-04 6.449462268024536149e-01 7.189065322830503340e-31 0.000000000000000000e+00
1.956398343517062703e-04 7.407543436855910102e-01 2.878894951742706102e-30 0.000000000000000000e+00
2.097046401323232709e-04 8.507521131481216026e-01 1.152692955283906823e-29 0.000000000000000000e+00
2.247805833548725178e-04 9.770274959202059906e-01 4.614518319042043892e-29 0.000000000000000000e+00
2.409403560239524325e-04 1.121971365411561727e+00 1.846941384548939106e-28 0.000000000000000000e+00
2.582618760682674902e-04 1.288320073224619389e+00 7.390628011666815411e-28 0.000000000000000000e+00
2.768286630392063972e-04 1.479203552072488437e+00 2.956628274232723361e-27 0.000000000000000000e+00
2.967302408188869536e-04 1.698199530494725495e+00 1.182450087099716650e-26 0.000000000000000000e+00
3.180625692794118915e-04 1.949394442285169227e+00 4.727382825217810126e-26 0.000000000000000000e+00
3.409285069746810937e-04 2.237451600208475444e+00 1.889248086499093635e-25 0.000000000000000000e+00
3.654383070957254701e-04 2.567687158478701104e+00 7.546797836119742087e-25 1.459502090875833828e-314
3.917101490809256391e-04 2.946154298472623001e+00 3.013100263737328657e-24 1.530184061199881456e-308
4.198707084443910179e-04 3.379735920022867823e+00 1.202289619891093460e-23 1.599234465623756719e-302
4.500557675700497698e-04 3.876245884033227895e+00 4.794154675225013452e-23 1.665382219452047383e-296
4.824108704165368721e-04 4.444538502424554949e+00 1.910204234820777539e-22 1.727119822166233975e-290
5.170920242896755517e-04 5.094625472261401278e+00 7.604376491017405700e-22 1.782701142813841414e-284
5.542664520663101490e-04 5.837798757020856044e+00 3.024180176940508973e-21 1.830145520749819760e-278
5.941133984965033281e-04 6.686756973705092477e+00 1.201290793892567233e-20 1.867259480730391698e-272
6.368249944718586218e-04 7.655731582926101453e+00 4.765540249663157459e-20 1.891682465824121234e-266
6.826071834272385728e-04 8.760607521699840916e+00 1.887627721597040965e-19 1.900963544013970554e-260
7.316807143427192690e-04 1.001903077653346763e+01 7.463898077528832249e-19 1.892675798396802013e-254
7.842822061337682274e-04 1.145049267153819450e+01 2.945451010655719989e-18 1.864573518983146759e-248
8.406652885618325121e-04 1.307637724692850867e+01 1.159714738515022809e-17 1.814793719126746577e-242
9.011018251665018231e-04 1.491995394440561995e+01 4.554317672793919804e-17 1.742097243797850396e-236
9.658832241158698054e-04 1.700629284814899833e+01 1.783235032490774339e-16 1.646135385865377688e-230
1.035321843295661671e-03 1.936207396951025927e+01 6.958663704145519947e-16 1.527715638764299913e-224
1.109752496412072130e-03 2.201525563797068941e+01 2.705016764052985218e-15 1.389026242447649036e-218
1.189534067370319513e-03 2.499456027466677099e+01 1.046909283409853725e-14 1.233766399832659072e-212
1.275051240713012809e-03 2.832872924272734139e+01 4.031638928723933125e-14 1.067122245874915599e-206
1.366716356462005988e-03 3.204549301992847887e+01 1.543809048826057862e-13 8.955341775139220172e-201
1.464971398307284749e-03 3.617020003278175722e+01 5.873744825377453388e-13 7.262253098021106204e-195
1.570290124729377445e-03 4.072404912831694190e+01 2.218592164033016674e-12 5.665067990228625968e-189
1.683180353330956556e-03 4.572187948255389500e+01 8.311326758176449356e-12 4.229394213479440550e-183
1.804186409392071833e-03 5.116949112400035915e+01 3.084883432800289868e-11 3.004970544468294982e-177
1.933891750455230159e-03 5.706050275912404146e+01 1.133132817255247114e-10 2.019208394608257200e-171
2.072921779595369735e-03 6.337280517314000150e+01 4.113826836298965468e-10 1.274438259157512304e-165
2.221946860939523916e-03 7.006474070270672883e+01 1.474124526126663491e-09 7.498782357586621819e-160
2.381685551976158062e-03 7.707123286349059299e+01 5.205897646586384492e-09 4.079914390286535777e-154
2.552908068239516468e-03 8.430020164655827841e+01 1.808974911111664862e-08 2.034574407034850456e-148
2.736439997074669155e-03 9.162971979217122964e+01 6.174501631749009703e-08 9.212196060536363675e-143
2.933166278390042427e-03 9.890647618340369718e+01 2.066427621509468462e-07 3.749521808883451318e-137
3.144035471591500111e-03 1.059461885349355015e+02 6.768149463150059732e-07 1.357529209020187001e-131
3.370064329271928172e-03 1.125366159280575431e+02 2.165250720703716039e-06 4.324566231583761949e-126
3.612342699709430310e-03 1.184437273712266432e+02 6.752689525289851038e-06 1.198638219922172388e-120
3.872038781812553020e-03 1.234213567033647507e+02 2.048868437668771716e-05 2.857920015096222383e-115
4.150404757850472380e-03 1.272243060056058539e+02 6.036257232284347767e-05 5.795494521543239597e-110
4.448782831127585241e-03 1.296243683517568854e+02 1.723486777802671430e-04 9.884127261473051153e-105
4.768611697714469390e-03 1.304281830709342671e+02 4.760364401493937057e-04 1.402351167574925317e-99
5.111433483440165799e-03 1.294953059637041122e+02 1.269745921606514919e-03 1.637963755450890030e-94
5.478901179593939109e-03 1.267544886441869636e+02 3.265476976012639428e-03 1.559492519340882917e-89
5.872786613189477124e-03 1.222160271222756052e+02 8.085401918119197728e-03 1.199144935322243705e-84
6.294988990221887619e-03 1.159782360791864733e+02 1.924954765971096174e-02 7.382989413959967510e-80
6.747544053110693212e-03 1.082266457676435039e+02 4.401586558097699692e-02 3.610748143964218816e-75
7.232633896483533706e-03 9.922534302792186622e+01 9.656885893031416646e-02 1.392278181625140473e-70
7.752597488629456302e-03 8.930086235844703424e+01 2.031098290795713412e-01 4.202785976198366972e-66
8.309941949353387078e-03 7.882001678755509033e+01 4.092290808624052811e-01 9.863169298628359553e-62
8.907354638610439843e-03 6.816388047676086615e+01 7.893291572030517456e-01 1.786914432547752366e-57
9.547716114208055702e-03 5.770066592407344785e+01 1.456623375834828149e+00 2.480651676473792712e-53
1.023411402105452693e-02 4.776039965419824540e+01 2.570367078372091996e+00 2.617323441637053392e-49
1.096985797892384082e-02 3.861406985940565306e+01 4.334759175950020804e+00 2.079588888647972791e-45
1.175849554052155709e-02 3.045933046247895959e+01 6.982656075850214528e+00 1.231187110833342010e-41
1.260382929679727468e-02 2.341397945880957110e+01 1.073780423365489867e+01 5.364782367259504273e-38
1.350993521198025175e-02 1.751740646630556242e+01 1.575386946781251041e+01 1.696046822893692280e-34
1.448118227674533021e-02 1.273917558386717275e+01 2.203708983643367247e+01 3.826064869240007816e-31
1.552225357427047987e-02 8.993035431047749384e+00 2.937061054592259879e+01 6.041551718378222459e-28
1.663816886076127308e-02 6.154072862798662946e+00 3.726809675417671031e+01 6.532316371526481328e-25
1.783430876931909465e-02 4.076542470430095655e+00 4.498609414474940849e+01 4.717078830489254180e-22
1.911644075385699609e-02 2.610131595092688883e+00 5.161385265021705493e+01 2.212282609346359264e-19
2.049074689815846145e-02 1.612988152136515696e+00 5.623567505829846169e+01 6.534762215057221411e-17
2.196385372416546911e-02 9.606108313215855343e-01 5.813115123294915065e+01 1.176346972970145902e-14
2.354286414322415491e-02 5.504972523937334827e-01 5.695563183073425506e+01 1.247618985242035944e-12
2.523539170434765944e-02 3.031065550480348536e-01 5.284001247878559582e+01 7.553388583120709201e-11
2.704959730463131484e-02 1.601064634265765008e-01 4.637100643520878407e+01 2.551487702886689046e-09
2.899422853882875281e-02 8.100999580854335858e-02 3.845388207435911454e+01 4.807371847288147470e-08
3.107866187782013997e-02 3.920411096600200790e-02 3.010183066690418130e+01 5.296314329389741038e-07
3.331294787934670210e-02 1.812126552501337057e-02 2.222042128303232644e+01 3.845501588816451783e-06
3.570785964900462933e-02 7.983021617008055626e-03 1.545135801474965298e+01 2.168030830486749157e-05
3.827494478516307169e-02 3.347337487458448314e-03 1.011083234884465476e+01 1.063312419664620532e-04
4.102658105827190066e-02 1.334180595389000820e-03 6.219681694498926383e+00 4.696404858649862743e-04
4.397603609302721400e-02 5.051081060289221766e-04 3.593115138570170064e+00 1.876402253071427851e-03
4.713753134116719506e-02 1.816348985089712078e-04 1.947436837733486747e+00 6.785651360385698029e-03
5.052631065335679711e-02 6.205774284505233556e-05 9.892823713597205249e-01 2.221817997281525306e-02
5.415871378079464837e-02 2.013058885568435596e-05 4.705717170987097075e-01 6.588636446904060084e-02
5.805225516094895954e-02 6.176395342154638678e-06 2.093984034036485420e-01 1.769901193727421163e-01
6.222570836730231120e-02 1.778307132632137108e-06 8.708955499756637630e-02 4.307706128538541512e-01
6.669919663030114687e-02 4.756748385511320960e-07 3.337572212091085427e-02 9.500525302650751902e-01
7.149428986597576585e-02 1.174404997399752040e-07 1.195917187319123047e-02 1.898894882049529720e+00
7.663410868007446142e-02 2.690233251887451464e-08 4.089357830888907218e-03 3.439867628790096443e+00
8.214343584919421570e-02 5.850533428436708297e-09 1.341192382469706245e-03 5.648019285075672968e+00
8.804883581643464796e-02 1.248687874189213178e-09 4.091507909602311744e-04 8.405864530900798215e+00
9.437878277775371694e-02 2.654102405158402220e-10 1.105019761087750032e-04 1.133997051576737114e+01
1.011637979766207007e-01 5.466143885859002865e-11 2.566768284355775640e-05 1.386726920101140870e+01
1.084365968689608717e-01 1.033137537993265056e-11 5.289733339216014857e-06 1.537167667208115418e+01
1.162322468679851811e-01 1.702409395761094240e-12 1.086329370876000102e-06 1.544546990058096014e+01
1.245883364295008178e-01 2.360410286001282320e-13 2.471375525576450825e-07 1.406780030659057523e+01
1.335451562929897418e-01 2.708598392646450221e-14 5.793248514193815598e-08 1.161421797483341756e+01
1.431458937523478470e-01 2.625452199670291337e-15 1.196574719021625319e-08 8.691294538999956742e+00
1.534368408930009975e-01 2.423683336968990471e-16 1.970044805749966357e-09 5.895228650729558595e+00
1.644676177994662813e-01 2.721468809847813538e-17 2.461682096828799191e-10 3.624339560641138380e+00
1.762914118095947891e-01 3.936090870642322942e-18 2.290687974121103321e-11 2.019571443511949393e+00
1.889652339691207661e-01 5.821366099842481806e-19 1.696917545674090564e-12 1.019956832085266996e+00
2.025501939230666404e-01 7.436927317669394183e-20 1.494232941981133752e-13 0.000000000000000000e+00
2.171117945694500950e-01 7.697513091850324588e-21 2.391962785696880327e-14 0.000000000000000000e+00
2.327202478960407328e-01 6.256240610563517314e-22 4.419648422928255850e-15 0.000000000000000000e+00
2.494508135230316670e-01 3.888632990783741372e-23 6.644226165040681154e-16 0.000000000000000000e+00
2.673841615839944175e-01 1.797600324949175353e-24 7.472170063361845211e-17 0.000000000000000000e+00
2.866067616948250185e-01 5.995358948179348845e-26 6.062506190368962951e-18 0.000000000000000000e+00
3.072112998861752931e-01 1.399054110722800677e-27 3.429398201258397328e-19 0.000000000000000000e+00
3.292971255097147942e-01 2.302050798126366487e-29 1.303065650880819199e-20 0.000000000000000000e+00
3.529707302730650254e-01 4.558081599542429672e-31 3.192419330209582025e-22 0.000000000000000000e+00
3.783462617131925221e-01 3.857669724145326449e-32 4.836200883176284221e-24 0.000000000000000000e+00
4.055460735840827891e-01 4.800330437040325156e-33 4.846959602933347746e-26 0.000000000000000000e+00
4.347013158125017651e-01 4.958356366579130735e-34 1.679789607132924508e-27 0.000000000000000000e+00
4.659525668664677434e-01 4.021580567813820834e-35 2.903713721122753770e-28 0.000000000000000000e+00
4.994505115855140120e-01 2.495548905518615175e-36 4.369157010608942037e-29 0.000000000000000000e+00
5.353566677410719343e-01 1.152563622293218916e-37 4.900644659690076051e-30 0.000000000000000000e+00
5.738441648302392561e-01 3.843219950578036047e-39 3.967685160611552214e-31 0.000000000000000000e+00
6.150985788580504154e-01 8.947655642834216655e-41 2.242290092771722886e-32 0.000000000000000000e+00
6.593188271333542128e-01 1.401755933986907884e-42 8.524692108758912053e-34 0.000000000000000000e+00
7.067181273927490848e-01 1.418772746482185380e-44 2.093254990109874950e-35 0.000000000000000000e+00
7.575250258771905054e-01 8.870662211141673611e-47 3.174266242068930046e-37 0.000000000000000000e+00
8.119844993184008874e-01 3.260939391414770138e-49 2.829297061096479731e-39 0.000000000000000000e+00
8.703591361485165656e-01 6.674662405553397834e-52 1.403716253370133076e-41 0.000000000000000000e+00
9.329304026284677143e-01 7.164187187702560497e-55 3.650830795998586692e-44 0.000000000000000000e+00
1.000000000000000000e+00 3.774543479011331682e-58 4.659282167148309159e-47 0.000000000000000000e+00
