# Posterior distribution for f, given N merger events. PBH Mass: 1.0 M_sun
# Columns: f, P(f|N=1), P(f|N=10), P(f|N=100)
9.999999999999999547e-07 2.406523919986004591e-06 1.940134644100060254e-82 0.000000000000000000e+00
1.071891319205128528e-06 2.764977742447155617e-06 7.777619116367322491e-82 0.000000000000000000e+00
1.148951000187308475e-06 3.176823544514006783e-06 3.117894753910668884e-81 0.000000000000000000e+00
1.231550603292826123e-06 3.650014097047584184e-06 1.249902709463727055e-80 0.000000000000000000e+00
1.320088400831416760e-06 4.193686739822658346e-06 5.010613961406156514e-80 0.000000000000000000e+00
1.414991297434575852e-06 4.818339823228996448e-06 2.008656402973479390e-79 0.000000000000000000e+00
1.516716888470924146e-06 5.536035430891994309e-06 8.052307207503779472e-79 0.000000000000000000e+00
1.625755666443793459e-06 6.360632297720129923e-06 3.228010867191304527e-78 0.000000000000000000e+00
1.742633386009650705e-06 7.308053420941895954e-06 1.294045685249954582e-77 0.000000000000000000e+00
1.867913599020780929e-06 8.396593531591668328e-06 5.187572696168725084e-77 0.000000000000000000e+00
2.002200371815584564e-06 9.647272363577156137e-06 2.079594909309557372e-76 0.000000000000000000e+00
2.146141197858405979e-06 1.108424068251902249e-05 8.336682383508007684e-76 0.000000000000000000e+00
2.300430119772916844e-06 1.273524608832001916e-05 3.342009830165034460e-75 0.000000000000000000e+00
2.465811075822603893e-06 1.463216960576648522e-05 1.339744996817416611e-74 0.000000000000000000e+00
2.643081486974102836e-06 1.681164079189596388e-05 5.370769509512255922e-74 0.000000000000000000e+00
2.833096101839324281e-06 1.931574516609135857e-05 2.153033719085806395e-73 0.000000000000000000e+00
3.036771118035460538e-06 2.219283686950964803e-05 8.631078959721254377e-73 0.000000000000000000e+00
3.255088599835056550e-06 2.549847236800768728e-05 3.460025381458415442e-72 0.000000000000000000e+00
3.489101213406773843e-06 2.929648322735095120e-05 1.387054133936434339e-71 0.000000000000000000e+00
3.739937302478793814e-06 3.366020867470076217e-05 5.560418290421826298e-71 0.000000000000000000e+00
4.008806328898464506e-06 3.867391174548654391e-05 2.229058338814663524e-70 0.000000000000000000e+00
4.297004704320844031e-06 4.443440635934583257e-05 8.935838672303209166e-70 0.000000000000000000e+00
4.605922041145103558e-06 5.105292674126272155e-05 3.582194057935644168e-69 0.000000000000000000e+00
4.937047852839003774e-06 5.865727528297262324e-05 1.436027629758552811e-68 0.000000000000000000e+00
5.291978735958436362e-06 6.739429031541921866e-05 5.756736762370999638e-68 0.000000000000000000e+00
5.672426068491977286e-06 7.743268143927814690e-05 2.307755657282448223e-67 0.000000000000000000e+00
6.080224261649427418e-06 8.896628715655094009e-05 9.251308108829296607e-67 0.000000000000000000e+00
6.517339604882419798e-06 1.022178176987842944e-04 3.708654033698736574e-66 0.000000000000000000e+00
6.985879746785248997e-06 1.174431553140318384e-04 1.486720536451095237e-65 0.000000000000000000e+00
7.488103857590030710e-06 1.349362950357979542e-04 5.959944115701830068e-65 0.000000000000000000e+00
8.026433522257174640e-06 1.550350213205570096e-04 2.389212876665399930e-64 0.000000000000000000e+00
8.603464416684508890e-06 1.781274301445076428e-04 9.577833882761142765e-64 0.000000000000000000e+00
9.221978823334321272e-06 2.046594224686992857e-04 3.839542941359252440e-63 0.000000000000000000e+00
9.884959046625586455e-06 2.351433137295590094e-04 1.539187441308433579e-62 0.000000000000000000e+00
1.059560179277614854e-05 2.701677255501290140e-04 6.170256563267054346e-62 0.000000000000000000e+00
1.135733358343105172e-05 3.104089506114035861e-04 2.473515504262465385e-61 0.000000000000000000e+00
1.217382727739661976e-05 3.566440100496273994e-04 9.915753555053066635e-61 0.000000000000000000e+00
1.304901978014401602e-05 4.097656554018584674e-04 3.974993766290046866e-60 0.000000000000000000e+00
1.398713102647238687e-05 4.707996046372725312e-04 1.593480608996731661e-59 0.000000000000000000e+00
1.499268432786047117e-05 5.409243449076924946e-04 6.387878930138288106e-59 0.000000000000000000e+00
1.607052818261638468e-05 6.214938841567833579e-04 2.560743542967018709e-58 0.000000000000000000e+00
1.722585965398787565e-05 7.140638905951472411e-04 1.026537836876359257e-57 0.000000000000000000e+00
1.846424942895542385e-05 8.204217243711006431e-04 4.115127017158838042e-57 0.000000000000000000e+00
1.979166867853557454e-05 9.426209407987942539e-04 1.649646428989605560e-56 0.000000000000000000e+00
2.121451784910627868e-05 1.083020930686088169e-03 6.612988524612756501e-56 0.000000000000000000e+00
2.273965752357927516e-05 1.244332462287463421e-03 2.650964164246339680e-55 0.000000000000000000e+00
2.437444150122221616e-05 1.429670003086739487e-03 1.062695994470984435e-54 0.000000000000000000e+00
2.612675225563326344e-05 1.642611830167060296e-03 4.260035579002761881e-54 0.000000000000000000e+00
2.800503894183631128e-05 1.887269087844909527e-03 1.707718522796481860e-53 0.000000000000000000e+00
3.001835813575592089e-05 2.168365123391244060e-03 6.845703754543089972e-53 0.000000000000000000e+00
3.217641750250735676e-05 2.491326629315287686e-03 2.744217411038598093e-52 0.000000000000000000e+00
3.448962260405759859e-05 2.862388347600868660e-03 1.100062511565825673e-51 0.000000000000000000e+00
3.696912707195024335e-05 3.288713351766609297e-03 4.409754995777911915e-51 0.000000000000000000e+00
3.962688638701478144e-05 3.778531221594011707e-03 1.767704185349688793e-50 0.000000000000000000e+00
4.247571552536893796e-05 4.341296768470606290e-03 7.086022237044846060e-50 0.000000000000000000e+00
4.552935074866947907e-05 4.987872362978772872e-03 2.840487934348477689e-49 0.000000000000000000e+00
4.880251583654433487e-05 5.730737367984916480e-03 1.138624680081988903e-48 0.000000000000000000e+00
5.231099308056257952e-05 6.584228698473572512e-03 4.564204453539474429e-48 0.000000000000000000e+00
5.607169938205458130e-05 7.564817123313135466e-03 1.829557401011121666e-47 0.000000000000000000e+00
6.010276782070387642e-05 8.691424604979028357e-03 7.333697376242642694e-47 0.000000000000000000e+00
6.442363508721369713e-05 9.985788753443639726e-03 2.939648521966788095e-46 0.000000000000000000e+00
6.905513520162330260e-05 1.147288136411334786e-02 1.178318554276686509e-45 0.000000000000000000e+00
7.401959996915637120e-05 1.318138903289753708e-02 4.723068450182062029e-45 0.000000000000000000e+00
7.934096665797492082e-05 1.514426501241167115e-02 1.893124654843505294e-44 0.000000000000000000e+00
8.504489341802668747e-05 1.739936281244264596e-02 7.587990148757129021e-44 0.000000000000000000e+00
9.115888299750818402e-05 1.999016357826604445e-02 3.041346377823389676e-43 0.000000000000000000e+00
9.771241535346501675e-05 2.296661102812082994e-02 1.218976839194169936e-42 0.000000000000000000e+00
1.047370897959449686e-04 2.638606972510498111e-02 4.885557959737520921e-42 0.000000000000000000e+00
1.122667773510813578e-04 3.031442473119093026e-02 1.958035455660476236e-41 0.000000000000000000e+00
1.203377840777589337e-04 3.482734327761333876e-02 7.847167233714638175e-41 0.000000000000000000e+00
1.289890261253308021e-04 4.001172202567043062e-02 3.144773035548894528e-40 0.000000000000000000e+00
1.382622173764654864e-04 4.596734682751351525e-02 1.260223401643820671e-39 0.000000000000000000e+00
1.482020705798858503e-04 5.280879567348768094e-02 5.049926790323499837e-39 0.000000000000000000e+00
1.588565129428052810e-04 6.066761977936116490e-02 2.023480606186090100e-38 0.000000000000000000e+00
1.702769172225899476e-04 6.969484257346439393e-02 8.107484556446397654e-38 0.000000000000000000e+00
1.825183494319042592e-04 8.006382174078333080e-02 3.248198453813135058e-37 0.000000000000000000e+00
1.956398343517062703e-04 9.197352551709392365e-02 1.301259756239061135e-36 0.000000000000000000e+00
2.097046401323232709e-04 1.056522811449926574e-01 5.212493331854619863e-36 0.000000000000000000e+00
2.247805833548725178e-04 1.213620608395894196e-01 2.087764136758362250e-35 0.000000000000000000e+00
2.409403560239524325e-04 1.394033787835333993e-01 8.361135803555054546e-35 0.000000000000000000e+00
2.582618760682674902e-04 1.601208815738071611e-01 3.348032174025632914e-34 0.000000000000000000e+00
2.768286630392063972e-04 1.839097241356643653e-01 1.340435653707917592e-33 0.000000000000000000e+00
2.967302408188869536e-04 2.112228333105480582e-01 5.365677807094165133e-33 0.000000000000000000e+00
3.180625692794118915e-04 2.425791719516033340e-01 2.147406886043261267e-32 0.000000000000000000e+00
3.409285069746810937e-04 2.785731271608617998e-01 8.592162163239598251e-32 0.000000000000000000e+00
3.654383070957254701e-04 3.198851568805252676e-01 3.436959037330352840e-31 0.000000000000000000e+00
3.917101490809256391e-04 3.672938388324101244e-01 1.374400466152400273e-30 0.000000000000000000e+00
4.198707084443910179e-04 4.216894739719674878e-01 5.494145270200989653e-30 0.000000000000000000e+00
4.500557675700497698e-04 4.840894020625856609e-01 2.195396591012219121e-29 0.000000000000000000e+00
4.824108704165368721e-04 5.556551881561716533e-01 8.768529601814416026e-29 0.000000000000000000e+00
5.170920242896755517e-04 6.377118336448718283e-01 3.500360957114405279e-28 0.000000000000000000e+00
5.542664520663101490e-04 7.317691514335745717e-01 1.396491770146679614e-27 0.000000000000000000e+00
5.941133984965033281e-04 8.395454181695242157e-01 5.567573429932388069e-27 0.000000000000000000e+00
6.368249944718586218e-04 9.629933728593644826e-01 2.217955084608048949e-26 0.000000000000000000e+00
6.826071834272385728e-04 1.104328564921294387e+00 8.827747290273037924e-26 0.000000000000000000e+00
7.316807143427192690e-04 1.266059958693272813e+00 3.509955684198090154e-25 3.783000561942577576e-315
7.842822061337682274e-04 1.451022567021166276e+00 1.393941052241863215e-24 3.783436188289074457e-309
8.406652885618325121e-04 1.662411703492979509e+00 5.528481062741873450e-24 3.746787352240266986e-303
9.011018251665018231e-04 1.903818199242945708e+00 2.189291185198097629e-23 3.669082633077974146e-297
9.658832241158698054e-04 2.179263612719489096e+00 8.654538942234376625e-23 3.547291179833513447e-291
1.035321843295661671e-03 2.493234055348307443e+00 3.414450946973277808e-22 3.379871896236734864e-285
1.109752496412072130e-03 2.850710749029348179e+00 1.344045879553986564e-21 3.167291807381859673e-279
1.189534067370319513e-03 3.257194811721631833e+00 5.277006530109883680e-21 2.912502485120588043e-273
1.275051240713012809e-03 3.718723029349815690e+00 2.065799350437167478e-20 2.621284000558961137e-267
1.366716356462005988e-03 4.241870520225735852e+00 8.060148822380565383e-20 2.302347240300024898e-261
1.464971398307284749e-03 4.833735252461154985e+00 3.132988644821865675e-19 1.967084467464426347e-255
1.570290124729377445e-03 5.501898379574502229e+00 1.212603865261566474e-18 1.628886763572325074e-249
1.683180353330956556e-03 6.254353391682309748e+00 4.670703398611954089e-18 1.302014418637581043e-243
1.804186409392071833e-03 7.099396258804022253e+00 1.789292468430071598e-17 1.000111418293122230e-237
1.933891750455230159e-03 8.045468238951851703e+00 6.812723543986910161e-17 7.345795610360603100e-232
2.072921779595369735e-03 9.100943060863407652e+00 2.576180890288176432e-16 5.131326714384081174e-226
2.221946860939523916e-03 1.027385104150663686e+01 9.667057852398883156e-16 3.388849986725084075e-220
2.381685551976158062e-03 1.157153466057057400e+01 3.596593149336212753e-15 2.102465730458253139e-214
2.552908068239516468e-03 1.300023347063737233e+01 1.325425156179532917e-14 1.216970104454023901e-208
2.736439997074669155e-03 1.456460117051564218e+01 4.833333965325732408e-14 6.524386258769911184e-203
2.933166278390042427e-03 1.626716423064123163e+01 1.742218501669082470e-13 3.214997175966396927e-197
3.144035471591500111e-03 1.810773937141337697e+01 6.200673910715509198e-13 1.444597973872387854e-191
3.370064329271928172e-03 2.008283581019412622e+01 2.176490476391331543e-12 5.870824769925024758e-186
3.612342699709430310e-03 2.218507648657366005e+01 7.525731711349974856e-12 2.140263536277021171e-180
3.872038781812553020e-03 2.440267896385510937e+01 2.560389367609286752e-11 6.942487116240361094e-175
4.150404757850472380e-03 2.671903993712194847e+01 8.561046318859197548e-11 1.987972012415145400e-169
4.448782831127585241e-03 2.911246579300583193e+01 2.810121184814042164e-10 4.987690588528076903e-164
4.768611697714469390e-03 3.155608484122166146e+01 9.045624270263133010e-10 1.088890637352234359e-158
5.111433483440165799e-03 3.401796503636160196e+01 2.852575759827406925e-09 2.055855725011443439e-153
5.478901179593939109e-03 3.646144593884013574e+01 8.804999411612267401e-09 3.339199954641713799e-148
5.872786613189477124e-03 3.884567818055000288e+01 2.658071044852970906e-08 4.646123133607560136e-143
6.294988990221887619e-03 4.112635121142874084e+01 7.842351801145694105e-08 5.520337800377007892e-138
6.747544053110693212e-03 4.325658361642874183e+01 2.260016834206567606e-07 5.589558470829483840e-133
7.232633896483533706e-03 4.518795139009338158e+01 6.358416496901793936e-07 4.818450017062081963e-128
7.752597488629456302e-03 4.687163765502819501e+01 1.745752856733686342e-06 3.536500375220554149e-123
8.309941949353387078e-03 4.825969952082962777e+01 4.675938611234185100e-06 2.211967151652375732e-118
8.907354638610439843e-03 4.930645945823273024e+01 1.221477691420791126e-05 1.180965262738543803e-113
9.547716114208055702e-03 4.997003440975019117e+01 3.111176759218331760e-05 5.393775797560659392e-109
1.023411402105452693e-02 5.021401121939904044e+01 7.724697708730100039e-05 2.112645916798830312e-104
1.096985797892384082e-02 5.000925898010742543e+01 1.869155101410734630e-04 7.114764452494116686e-100
1.175849554052155709e-02 4.933583725166722189e+01 4.406472772159971307e-04 2.065200186202062750e-95
1.260382929679727468e-02 4.818491631585278867e+01 1.011746214566642231e-03 5.177901290337872056e-91
1.350993521198025175e-02 4.656057697979954213e+01 2.261577721569952085e-03 1.123120507148847610e-86
1.448118227674533021e-02 4.448131056782787596e+01 4.919293548356355045e-03 2.109413181016261474e-82
1.552225357427047987e-02 4.198100407943932311e+01 1.040641219926264661e-02 3.430535181586792354e-78
1.663816886076127308e-02 3.910918130061334352e+01 2.139560359374243978e-02 4.825996754492480516e-74
1.783430876931909465e-02 3.593028766493274162e+01 4.272212844277009647e-02 5.860016841250198926e-70
1.911644075385699609e-02 3.252186216517439732e+01 8.278046726831021773e-02 6.120830116575229958e-66
2.049074689815846145e-02 2.897153615652913317e+01 1.555087998738192423e-01 5.473169339451096486e-62
2.196385372416546911e-02 2.537293190067929771e+01 2.829471937335839016e-01 4.163536520686268303e-58
2.354286414322415491e-02 2.182068978740248255e+01 4.981017974946689852e-01 2.673472846884107899e-54
2.523539170434765944e-02 1.840500995646579696e+01 8.474351105215960356e-01 1.435316131924341194e-50
2.704959730463131484e-02 1.520622234544123152e+01 1.391727874341400550e+00 6.370514989695239655e-47
2.899422853882875281e-02 1.228996797743989156e+01 2.203569235930614933e+00 2.306928577476791938e-43
3.107866187782013997e-02 9.703557973674318049e+00 3.359460435899048303e+00 6.713264536788973483e-40
3.331294787934670210e-02 7.473963263103047261e+00 4.925086327161242394e+00 1.542967665177402773e-36
3.570785964900462933e-02 5.607685254000883468e+00 6.933923309416827330e+00 2.746669740215038478e-33
3.827494478516307169e-02 4.092496089325172726e+00 9.362158209876344728e+00 3.704657333648178392e-30
4.102658105827190066e-02 2.900764860238480125e+00 1.210625964468490423e+01 3.694490720450274781e-27
4.397603609302721400e-02 1.993859686442354784e+00 1.497212822653476927e+01 2.651311845890151321e-24
4.713753134116719506e-02 1.326983281756318966e+00 1.768474469378980984e+01 1.329042800713459966e-21
5.052631065335679711e-02 8.537899269195006191e-01 1.992323549295600316e+01 4.505251633430022185e-19
5.415871378079464837e-02 5.302422687219148223e-01 2.137838433209531885e+01 9.974682158386076237e-17
5.805225516094895954e-02 3.173639696074173622e-01 2.182015236427378824e+01 1.390708785484961050e-14
6.222570836730231120e-02 1.827781406108064666e-01 2.115582372113054888e+01 1.177089519650759005e-12
6.669919663030114687e-02 1.011348296655550649e-01 1.945904653521501615e+01 5.848754271624237931e-11
7.149428986597576585e-02 5.368073706143821483e-02 1.695792979715232818e+01 1.666873299692931192e-09
7.663410868007446142e-02 2.729073635573368850e-02 1.398411503538779499e+01 2.729266923126645311e-08
8.214343584919421570e-02 1.327235520339866033e-02 1.089860950436811571e+01 2.703525416812441826e-07
8.804883581643464796e-02 6.161259234113538978e-03 8.017828239520140343e+00 1.830701063930649545e-06
9.437878277775371694e-02 2.726410650592818192e-03 5.561355137139250893e+00 9.897029573254317284e-06
1.011637979766207007e-01 1.148273893552683020e-03 3.632828432345048597e+00 4.712466345686111660e-05
1.084365968689608717e-01 4.597137027824811845e-04 2.232366297740100425e+00 2.030327678853644153e-04
1.162322468679851811e-01 1.748319354449715045e-04 1.289057371632868820e+00 7.938231045291888315e-04
1.245883364295008178e-01 6.316241790728743225e-05 6.987297790689940280e-01 2.816896523158256022e-03
1.335451562929897418e-01 2.168343762924486348e-05 3.551686240502945902e-01 9.072040911579693639e-03
1.431458937523478470e-01 7.067364670346912762e-06 1.691299318200792379e-01 2.651672458178383485e-02
1.534368408930009975e-01 2.178367100960716051e-06 7.537947442260993502e-02 7.034076758943694219e-02
1.644676177994662813e-01 6.299455807853303624e-07 3.141467446240821942e-02 1.693388495680605288e-01
1.762914118095947891e-01 1.692386259299552895e-07 1.206131659454036040e-02 3.699620185745105538e-01
1.889652339691207661e-01 4.198468511159173087e-08 4.337231014339464064e-03 7.334943240458797753e-01
2.025501939230666404e-01 9.673234645044004783e-09 1.489742643394946107e-03 1.319663362403328044e+00
2.171117945694500950e-01 2.118442449172205963e-09 4.907145224028705869e-04 2.154487777723935515e+00
2.327202478960407328e-01 4.556467725820384995e-10 1.502559466501544687e-04 3.191738779422099714e+00
2.494508135230316670e-01 9.757448999911296449e-11 4.073590129766115395e-05 4.290437221729316519e+00
2.673841615839944175e-01 2.023497977670320098e-11 9.510272373210247842e-06 5.233061990139068698e+00
2.866067616948250185e-01 3.851521814056309593e-12 1.973421757104909338e-06 5.791358638433902861e+00
3.072112998861752931e-01 6.397658684732105919e-13 4.083864817555890828e-07 5.815225043394979032e+00
3.292971255097147942e-01 8.956151960570763267e-14 9.354243241503617516e-08 5.297934147942047645e+00
3.529707302730650254e-01 1.039557769270987252e-14 2.208509428704438707e-08 4.379196252523556154e+00
3.783462617131925221e-01 1.020394952745175698e-15 4.605302710653337941e-09 3.284168615685703951e+00
4.055460735840827891e-01 9.517342318368084951e-17 7.679165545223067420e-10 2.234583808509184255e+00
4.347013158125017651e-01 1.073338191543428174e-17 9.751750606056112166e-11 1.379452361498758384e+00
4.659525668664677434e-01 1.560860131572314057e-18 9.249796929837262021e-12 7.726025447195280504e-01
4.994505115855140120e-01 2.336558740392009060e-19 6.966036328754398490e-13 3.925973321624697809e-01
5.353566677410719343e-01 3.036667165378310695e-20 6.097040458078120347e-14 0.000000000000000000e+00
5.738441648302392561e-01 3.210116652946744840e-21 9.662963937891197719e-15 0.000000000000000000e+00
6.150985788580504154e-01 2.675463649832068398e-22 1.809605372736912560e-15 0.000000000000000000e+00
6.593188271333542128e-01 1.713082606462663530e-23 2.786238158078792893e-16 0.000000000000000000e+00
7.067181273927490848e-01 8.200844195237849058e-25 3.228346098366584438e-17 0.000000000000000000e+00
7.575250258771905054e-01 2.849699041860773344e-26 2.715052235293075582e-18 0.000000000000000000e+00
8.119844993184008874e-01 6.973579321363528071e-28 1.603080923433262371e-19 0.000000000000000000e+00
8.703591361485165656e-01 1.201702526201636785e-29 6.409278393455350491e-21 0.000000000000000000e+00
9.329304026284677143e-01 2.261955438675146817e-31 1.667616480003238256e-22 0.000000000000000000e+00
1.000000000000000000e+00 1.743299749904154110e-32 2.709384161301959484e-24 0.000000000000000000e+00
