# Posterior distribution for f, given N merger events. PBH Mass: 10.0 M_sun
# Columns: f, P(f|N=1), P(f|N=10), P(f|N=100)
9.999999999999999547e-07 5.166818250512456956e+01 4.097594662202402643e-31 0.000000000000000000e+00
1.071891319205128528e-06 5.935622198324895749e+01 1.642150751019492594e-30 0.000000000000000000e+00
1.148951000187308475e-06 6.818684795487367012e+01 6.580782752828769255e-30 0.000000000000000000e+00
1.231550603292826123e-06 7.832943307961903656e+01 2.637058025227327136e-29 0.000000000000000000e+00
1.320088400831416760e-06 8.997831728696955622e+01 1.056661992536738175e-28 0.000000000000000000e+00
1.414991297434575852e-06 1.033564433825444979e+02 4.233727740622829123e-28 0.000000000000000000e+00
1.516716888470924146e-06 1.187195076400723934e+02 1.696195112387796164e-27 0.000000000000000000e+00
1.625755666443793459e-06 1.363606936524224693e+02 6.795003388429026880e-27 0.000000000000000000e+00
1.742633386009650705e-06 1.566160652161916857e+02 2.721815817446404059e-26 0.000000000000000000e+00
1.867913599020780929e-06 1.798707018049213104e+02 1.090125025249123675e-25 0.000000000000000000e+00
2.002200371815584564e-06 2.065656680276478596e+02 4.365507608065539256e-25 0.000000000000000000e+00
2.146141197858405979e-06 2.372059160425159234e+02 1.747934925074282635e-24 0.000000000000000000e+00
2.300430119772916844e-06 2.723692267185923015e+02 6.997416786533488004e-24 0.000000000000000000e+00
2.465811075822603893e-06 3.127163007286456491e+02 2.800661361041241348e-23 3.711623698474238951e-318
2.643081486974102836e-06 3.590021137570261658e+02 1.120677142968399467e-22 3.960318009083388137e-312
2.833096101839324281e-06 4.120886493075065005e+02 4.483138900189065659e-22 4.225275283129055565e-306
3.036771118035460538e-06 4.729591164151678413e+02 1.792867046409963851e-21 4.504832591553029891e-300
3.255088599835056550e-06 5.427337455137585494e+02 7.167340379231783160e-21 4.799059692507146348e-294
3.489101213406773843e-06 6.226872306092777762e+02 2.864104731346685438e-20 5.107824544880845641e-288
3.739937302478793814e-06 7.142678455818632983e+02 1.143968662587059309e-19 5.430738808920919000e-282
4.008806328898464506e-06 8.191182014338722865e+02 4.566708173740476319e-19 5.767093281279759626e-276
4.297004704320844031e-06 9.390975225912324049e+02 1.821886565386713243e-18 6.115782228420285612e-270
4.605922041145103558e-06 1.076305194972173240e+03 7.263204123627579724e-18 6.475215874359122288e-264
4.937047852839003774e-06 1.233105165139421160e+03 2.893197115597484786e-17 6.843220782720782481e-258
5.291978735958436362e-06 1.412150534365754083e+03 1.151378017611014125e-16 7.216928667345218053e-252
5.672426068491977286e-06 1.616407376641777546e+03 4.577070007972510762e-16 7.592655382635815103e-246
6.080224261649427418e-06 1.849176394911910165e+03 1.817262477677817746e-15 7.965773618073346280e-240
6.517339604882419798e-06 2.114110491109463510e+03 7.204916694335065337e-15 8.330585300422916527e-234
6.985879746785248997e-06 2.415225635925179631e+03 2.851876498196197859e-14 8.680203039626807315e-228
7.488103857590030710e-06 2.756901555132617432e+03 1.126727991444521783e-13 9.006454256588715428e-222
8.026433522257174640e-06 3.143867673181205191e+03 4.441967342777623023e-13 9.299826932927218310e-216
8.603464416684508890e-06 3.581168449839502955e+03 1.746883394457619556e-12 9.549482082897817614e-210
9.221978823334321272e-06 4.074100703511142001e+03 6.850620555796042899e-12 9.743364629683494889e-204
9.884959046625586455e-06 4.628113752429917440e+03 2.677914797817496182e-11 9.868450474014394270e-198
1.059560179277614854e-05 5.248661282444310018e+03 1.042949402301928787e-10 9.911171614293537582e-192
1.135733358343105172e-05 5.940991896296867708e+03 4.044831243509773374e-10 9.858060804082518611e-186
1.217382727739661976e-05 6.709863546043791757e+03 1.561162345161585821e-09 9.696649042056247494e-180
1.304901978014401602e-05 7.559165876861089600e+03 5.992540844884122345e-09 9.416628973116889352e-174
1.398713102647238687e-05 8.491434496675476112e+03 2.285887421763068244e-08 9.011260570134877206e-168
1.499268432786047117e-05 9.507243168274455456e+03 8.657681460861392016e-08 8.478938867197482542e-162
1.607052818261638468e-05 1.060446503919698443e+04 3.252557672483741339e-07 7.824767037969159207e-156
1.722585965398787565e-05 1.177740373889720468e+04 1.210724872611901812e-06 7.061888571369079349e-150
1.846424942895542385e-05 1.301581120293206004e+04 4.459898348069243040e-06 6.212247223857899709e-144
1.979166867853557454e-05 1.430383322289246462e+04 1.623535566911761777e-05 5.306393896752297107e-138
2.121451784910627868e-05 1.561895743128851973e+04 5.831569380444329268e-05 4.381988905874840711e-132
2.273965752357927516e-05 1.693108213870048348e+04 2.063247894662144865e-04 3.480802205021080246e-126
2.437444150122221616e-05 1.820187644761682532e+04 7.176895285814453027e-04 2.644320124456362895e-120
2.612675225563326344e-05 1.938465708055970026e+04 2.449261185614133758e-03 1.908501521317148157e-114
2.800503894183631128e-05 2.042505481438530114e+04 8.181910306170893030e-03 1.298683925462152166e-108
3.001835813575592089e-05 2.126276607072529805e+04 2.668789044496673937e-02 8.259305842562523199e-103
3.217641750250735676e-05 2.183465897717180633e+04 8.476996970247470398e-02 4.860092318680674522e-97
3.448962260405759859e-05 2.207939958181099428e+04 2.614421299900694384e-01 2.615710449881967054e-91
3.696912707195024335e-05 2.194355675659317421e+04 7.804815002325703466e-01 1.270626805297067162e-85
3.962688638701478144e-05 2.138882228872359701e+04 2.247830732270322596e+00 5.486741935195066777e-80
4.247571552536893796e-05 2.039956641066548036e+04 6.223802040004108527e+00 2.069590796098516953e-74
4.552935074866947907e-05 1.898950919458222415e+04 1.650588103885155178e+01 6.683587221739876435e-69
4.880251583654433487e-05 1.720595444066182608e+04 4.176779237636642250e+01 1.805859393223056029e-63
5.231099308056257952e-05 1.512997981310366413e+04 1.004456888951423963e+02 3.975816096403793386e-58
5.607169938205458130e-05 1.287137619596335935e+04 2.286245232517311194e+02 6.919380870333034064e-53
6.010276782070387642e-05 1.055806307580213615e+04 4.904435006801900840e+02 9.194058984174106242e-48
6.442363508721369713e-05 8.321072357971113888e+03 9.873517785548738175e+02 8.962811152230329964e-43
6.905513520162330260e-05 6.277646945715815491e+03 1.857351162839914423e+03 6.124466286143487034e-38
7.401959996915637120e-05 4.516010157739168790e+03 3.250641273609280688e+03 2.784358948129105311e-33
7.934096665797492082e-05 3.085397802013219916e+03 5.270023875383140876e+03 7.935137787513820741e-29
8.504489341802668747e-05 1.993761369136219400e+03 7.880467669564621247e+03 1.324696506848229455e-24
9.115888299750818402e-05 1.213413310867418204e+03 1.082269539252127288e+04 1.199635568729794771e-20
9.771241535346501675e-05 6.925593606278152947e+02 1.359377132619543227e+04 5.405650485100911457e-17
1.047370897959449686e-04 3.690960913814817559e+02 1.555172337309751492e+04 1.101506091781167274e-13
1.122667773510813578e-04 1.828820023985335013e+02 1.614008957386961083e+04 9.161454164436871964e-11
1.203377840777589337e-04 8.388229608991446185e+01 1.513644114760118282e+04 2.810923372005030929e-08
1.289890261253308021e-04 3.546254309241125213e+01 1.277862735933937256e+04 2.950392355353040855e-06
1.382622173764654864e-04 1.376019837309620186e+01 9.675934896349241171e+03 1.077671311911024288e-04
1.482020705798858503e-04 4.880006388752867963e+00 6.548039386219847074e+03 1.722904996396880514e-03
1.588565129428052810e-04 1.575361117925150545e+00 3.946912200196973117e+03 1.787368481919024768e-02
1.702769172225899476e-04 4.610738085571549627e-01 2.112065007777045594e+03 1.489244630192201879e-01
1.825183494319042592e-04 1.218726281638631281e-01 1.000216953135507424e+03 1.025925453709653157e+00
1.956398343517062703e-04 2.898372252888908873e-02 4.179353296303910383e+02 5.845918952830819748e+00
2.097046401323232709e-04 6.179257382304740448e-03 1.536382637134537106e+02 2.754467940860509145e+01
2.247805833548725178e-04 1.202755601248409580e-03 4.955281298442621818e+01 1.072840628615889926e+02
2.409403560239524325e-04 2.023184142886048833e-04 1.398535791990807731e+01 3.453147639983583304e+02
2.582618760682674902e-04 2.913454580801157602e-05 3.445293455103954017e+00 9.182329931455301448e+02
2.768286630392063972e-04 3.669359920063635736e-06 7.390761243438620509e-01 2.016645517059357644e+03
2.967302408188869536e-04 4.366792403645357291e-07 1.377450574703460717e-01 3.657062420447387012e+03
3.180625692794118915e-04 5.103939808380528010e-08 2.225613218240975882e-02 5.474633632603994556e+03
3.409285069746810937e-04 5.311036286121460651e-09 2.692040594740294484e-03 6.763919798919952882e+03
3.654383070957254701e-04 4.265305790313525016e-10 3.078168547302329700e-04 6.895584715559019969e+03
3.917101490809256391e-04 2.413124775258788595e-11 4.146717150449848394e-05 5.799494124173096679e+03
4.198707084443910179e-04 9.677803393323407005e-13 4.768592641140097825e-06 4.023297159583243229e+03
4.500557675700497698e-04 3.773771368894893924e-14 3.490049922866710663e-07 2.301889017680656252e+03
4.824108704165368721e-04 2.365264694635514750e-15 1.454484005536254906e-08 1.086041100378270585e+03
5.170920242896755517e-04 1.635407939581577832e-16 3.953940724759434289e-10 4.225039452300559333e+02
5.542664520663101490e-04 8.143837596021501329e-18 2.089546290561452230e-11 0.000000000000000000e+00
5.941133984965033281e-04 2.567046727781570051e-19 2.000500034483566978e-12 0.000000000000000000e+00
6.368249944718586218e-04 4.753913980385550380e-21 1.280911529832180893e-13 0.000000000000000000e+00
6.826071834272385728e-04 4.782469508149947681e-23 4.474248546859678788e-15 0.000000000000000000e+00
7.316807143427192690e-04 2.409123174803525776e-25 7.756162428712869799e-17 0.000000000000000000e+00
7.842822061337682274e-04 7.748410242816953700e-28 6.021688880007634459e-19 0.000000000000000000e+00
8.406652885618325121e-04 1.948946487068904904e-29 1.872158798936661985e-21 0.000000000000000000e+00
9.011018251665018231e-04 1.013859571000448195e-30 3.948681991625304715e-24 0.000000000000000000e+00
9.658832241158698054e-04 3.442608671066258097e-32 2.290176398301324713e-25 0.000000000000000000e+00
1.035321843295661671e-03 6.976322912122351862e-34 1.598796666412876482e-26 0.000000000000000000e+00
1.109752496412072130e-03 7.831165041730800596e-36 6.191454215433246578e-28 0.000000000000000000e+00
1.189534067370319513e-03 4.474051839660525185e-38 1.218364547179513890e-29 0.000000000000000000e+00
1.275051240713012809e-03 1.181445909773706886e-40 1.106152104656055422e-31 0.000000000000000000e+00
1.366716356462005988e-03 1.292556794757730361e-43 4.152259562497234099e-34 0.000000000000000000e+00
1.464971398307284749e-03 5.175200977493960338e-47 5.690973905068448018e-37 0.000000000000000000e+00
1.570290124729377445e-03 6.589494671140575661e-51 2.473970355133637377e-40 0.000000000000000000e+00
1.683180353330956556e-03 2.276722018169559229e-55 2.909691386177980006e-44 0.000000000000000000e+00
1.804186409392071833e-03 1.788201150165652875e-60 7.738988028277440246e-49 0.000000000000000000e+00
1.933891750455230159e-03 4.005581682530313564e-64 3.804863612877086835e-54 0.000000000000000000e+00
2.072921779595369735e-03 3.443636233863459317e-65 1.940234066961962096e-59 0.000000000000000000e+00
2.221946860939523916e-03 2.076913355571732650e-66 3.362995212167506634e-60 0.000000000000000000e+00
2.381685551976158062e-03 8.329749464490926430e-68 4.494930543537918076e-61 0.000000000000000000e+00
2.552908068239516468e-03 2.108441152549505867e-69 3.769850474050172617e-62 0.000000000000000000e+00
2.736439997074669155e-03 3.178739146804135568e-71 1.871194909972651656e-63 0.000000000000000000e+00
2.933166278390042427e-03 2.677522955500792150e-73 5.152983612657259654e-65 0.000000000000000000e+00
3.144035471591500111e-03 1.174413575659374609e-75 7.333137047092895142e-67 0.000000000000000000e+00
3.370064329271928172e-03 2.483007161216348536e-78 4.988724384579947183e-69 0.000000000000000000e+00
3.612342699709430310e-03 2.325561322939720058e-81 1.490049727621763133e-71 0.000000000000000000e+00
3.872038781812553020e-03 8.799977980773888091e-85 1.780986801347608156e-74 0.000000000000000000e+00
4.150404757850472380e-03 1.217155744684640785e-88 7.702219855995127041e-78 0.000000000000000000e+00
4.448782831127585241e-03 5.519606246110048722e-93 1.080471796431194457e-81 0.000000000000000000e+00
4.768611697714469390e-03 7.294247178325094275e-98 4.367717149555050457e-86 0.000000000000000000e+00
5.111433483440165799e-03 2.472278849635007837e-103 4.476060319169406908e-91 0.000000000000000000e+00
5.478901179593939109e-03 1.871291006037736029e-109 1.012239079826963953e-96 0.000000000000000000e+00
5.872786613189477124e-03 2.721990759465777740e-116 4.346092029930817374e-103 0.000000000000000000e+00
6.294988990221887619e-03 6.463199657186073327e-124 3.008946704770387802e-110 0.000000000000000000e+00
6.747544053110693212e-03 2.097091437967576761e-132 2.812096044674039674e-118 0.000000000000000000e+00
7.232633896483533706e-03 7.657586567880907476e-142 2.922123671279505385e-127 0.000000000000000000e+00
7.752597488629456302e-03 2.544325293210289462e-152 2.730396001702945983e-137 0.000000000000000000e+00
8.309941949353387078e-03 6.091817576916235830e-164 1.817384143689636387e-148 0.000000000000000000e+00
8.907354638610439843e-03 8.131034705243836182e-177 6.669288696035612927e-161 0.000000000000000000e+00
9.547716114208055702e-03 4.559109393698148432e-191 1.017309838002225419e-174 0.000000000000000000e+00
1.023411402105452693e-02 0.000000000000000000e+00 0.000000000000000000e+00 0.000000000000000000e+00
1.096985797892384082e-02 0.000000000000000000e+00 0.000000000000000000e+00 0.000000000000000000e+00
1.175849554052155709e-02 0.000000000000000000e+00 0.000000000000000000e+00 0.000000000000000000e+00
1.260382929679727468e-02 0.000000000000000000e+00 0.000000000000000000e+00 0.000000000000000000e+00
1.350993521198025175e-02 0.000000000000000000e+00 0.000000000000000000e+00 0.000000000000000000e+00
1.448118227674533021e-02 0.000000000000000000e+00 0.000000000000000000e+00 0.000000000000000000e+00
1.552225357427047987e-02 0.000000000000000000e+00 0.000000000000000000e+00 0.000000000000000000e+00
1.663816886076127308e-02 0.000000000000000000e+00 0.000000000000000000e+00 0.000000000000000000e+00
1.783430876931909465e-02 0.000000000000000000e+00 0.000000000000000000e+00 0.000000000000000000e+00
1.911644075385699609e-02 0.000000000000000000e+00 0.000000000000000000e+00 0.000000000000000000e+00
2.049074689815846145e-02 0.000000000000000000e+00 0.000000000000000000e+00 0.000000000000000000e+00
2.196385372416546911e-02 0.000000000000000000e+00 0.000000000000000000e+00 0.000000000000000000e+00
2.354286414322415491e-02 0.000000000000000000e+00 0.000000000000000000e+00 0.000000000000000000e+00
2.523539170434765944e-02 0.000000000000000000e+00 0.000000000000000000e+00 0.000000000000000000e+00
2.704959730463131484e-02 0.000000000000000000e+00 0.000000000000000000e+00 0.000000000000000000e+00
2.899422853882875281e-02 0.000000000000000000e+00 0.000000000000000000e+00 0.000000000000000000e+00
3.107866187782013997e-02 0.000000000000000000e+00 0.000000000000000000e+00 0.000000000000000000e+00
3.331294787934670210e-02 0.000000000000000000e+00 0.000000000000000000e+00 0.000000000000000000e+00
3.570785964900462933e-02 0.000000000000000000e+00 0.000000000000000000e+00 0.000000000000000000e+00
3.827494478516307169e-02 0.000000000000000000e+00 0.000000000000000000e+00 0.000000000000000000e+00
4.102658105827190066e-02 0.000000000000000000e+00 0.000000000000000000e+00 0.000000000000000000e+00
4.397603609302721400e-02 0.000000000000000000e+00 0.000000000000000000e+00 0.000000000000000000e+00
4.713753134116719506e-02 0.000000000000000000e+00 0.000000000000000000e+00 0.000000000000000000e+00
5.052631065335679711e-02 0.000000000000000000e+00 0.000000000000000000e+00 0.000000000000000000e+00
5.415871378079464837e-02 0.000000000000000000e+00 0.000000000000000000e+00 0.000000000000000000e+00
5.805225516094895954e-02 0.000000000000000000e+00 0.000000000000000000e+00 0.000000000000000000e+00
6.222570836730231120e-02 0.000000000000000000e+00 0.000000000000000000e+00 0.000000000000000000e+00
6.669919663030114687e-02 0.000000000000000000e+00 0.000000000000000000e+00 0.000000000000000000e+00
7.149428986597576585e-02 0.000000000000000000e+00 0.000000000000000000e+00 0.000000000000000000e+00
7.663410868007446142e-02 0.000000000000000000e+00 0.000000000000000000e+00 0.000000000000000000e+00
8.214343584919421570e-02 0.000000000000000000e+00 0.000000000000000000e+00 0.000000000000000000e+00
8.804883581643464796e-02 0.000000000000000000e+00 0.000000000000000000e+00 0.000000000000000000e+00
9.437878277775371694e-02 0.000000000000000000e+00 0.000000000000000000e+00 0.000000000000000000e+00
1.011637979766207007e-01 0.000000000000000000e+00 0.000000000000000000e+00 0.000000000000000000e+00
1.084365968689608717e-01 0.000000000000000000e+00 0.000000000000000000e+00 0.000000000000000000e+00
1.162322468679851811e-01 0.000000000000000000e+00 0.000000000000000000e+00 0.000000000000000000e+00
1.245883364295008178e-01 0.000000000000000000e+00 0.000000000000000000e+00 0.000000000000000000e+00
1.335451562929897418e-01 0.000000000000000000e+00 0.000000000000000000e+00 0.000000000000000000e+00
1.431458937523478470e-01 0.000000000000000000e+00 0.000000000000000000e+00 0.000000000000000000e+00
1.534368408930009975e-01 0.000000000000000000e+00 0.000000000000000000e+00 0.000000000000000000e+00
1.644676177994662813e-01 0.000000000000000000e+00 0.000000000000000000e+00 0.000000000000000000e+00
1.762914118095947891e-01 0.000000000000000000e+00 0.000000000000000000e+00 0.000000000000000000e+00
1.889652339691207661e-01 0.000000000000000000e+00 0.000000000000000000e+00 0.000000000000000000e+00
2.025501939230666404e-01 0.000000000000000000e+00 0.000000000000000000e+00 0.000000000000000000e+00
2.171117945694500950e-01 0.000000000000000000e+00 0.000000000000000000e+00 0.000000000000000000e+00
2.327202478960407328e-01 0.000000000000000000e+00 0.000000000000000000e+00 0.000000000000000000e+00
2.494508135230316670e-01 0.000000000000000000e+00 0.000000000000000000e+00 0.000000000000000000e+00
2.673841615839944175e-01 0.000000000000000000e+00 0.000000000000000000e+00 0.000000000000000000e+00
2.866067616948250185e-01 0.000000000000000000e+00 0.000000000000000000e+00 0.000000000000000000e+00
3.072112998861752931e-01 0.000000000000000000e+00 0.000000000000000000e+00 0.000000000000000000e+00
3.292971255097147942e-01 0.000000000000000000e+00 0.000000000000000000e+00 0.000000000000000000e+00
3.529707302730650254e-01 0.000000000000000000e+00 0.000000000000000000e+00 0.000000000000000000e+00
3.783462617131925221e-01 0.000000000000000000e+00 0.000000000000000000e+00 0.000000000000000000e+00
4.055460735840827891e-01 0.000000000000000000e+00 0.000000000000000000e+00 0.000000000000000000e+00
4.347013158125017651e-01 0.000000000000000000e+00 0.000000000000000000e+00 0.000000000000000000e+00
4.659525668664677434e-01 0.000000000000000000e+00 0.000000000000000000e+00 0.000000000000000000e+00
4.994505115855140120e-01 0.000000000000000000e+00 0.000000000000000000e+00 0.000000000000000000e+00
5.353566677410719343e-01 0.000000000000000000e+00 0.000000000000000000e+00 0.000000000000000000e+00
5.738441648302392561e-01 0.000000000000000000e+00 0.000000000000000000e+00 0.000000000000000000e+00
6.150985788580504154e-01 0.000000000000000000e+00 0.000000000000000000e+00 0.000000000000000000e+00
6.593188271333542128e-01 0.000000000000000000e+00 0.000000000000000000e+00 0.000000000000000000e+00
7.067181273927490848e-01 0.000000000000000000e+00 0.000000000000000000e+00 0.000000000000000000e+00
7.575250258771905054e-01 0.000000000000000000e+00 0.000000000000000000e+00 0.000000000000000000e+00
8.119844993184008874e-01 0.000000000000000000e+00 0.000000000000000000e+00 0.000000000000000000e+00
8.703591361485165656e-01 0.000000000000000000e+00 0.000000000000000000e+00 0.000000000000000000e+00
9.329304026284677143e-01 0.000000000000000000e+00 0.000000000000000000e+00 0.000000000000000000e+00
1.000000000000000000e+00 0.000000000000000000e+00 0.000000000000000000e+00 0.000000000000000000e+00
