# Posterior distribution for f, given N = 81 merger events at LIGO O3. PBH Mass: 0.5 M_sunPrior: jeffreys
# Columns: f, P(f|N)
9.999999999999999547e-07 0.000000000000000000e+00
1.071891319205128528e-06 0.000000000000000000e+00
1.148951000187308475e-06 0.000000000000000000e+00
1.231550603292826123e-06 0.000000000000000000e+00
1.320088400831416760e-06 0.000000000000000000e+00
1.414991297434575852e-06 0.000000000000000000e+00
1.516716888470924146e-06 0.000000000000000000e+00
1.625755666443793459e-06 0.000000000000000000e+00
1.742633386009650705e-06 0.000000000000000000e+00
1.867913599020780929e-06 0.000000000000000000e+00
2.002200371815584564e-06 0.000000000000000000e+00
2.146141197858405979e-06 0.000000000000000000e+00
2.300430119772916844e-06 0.000000000000000000e+00
2.465811075822603893e-06 0.000000000000000000e+00
2.643081486974102836e-06 0.000000000000000000e+00
2.833096101839324281e-06 0.000000000000000000e+00
3.036771118035460538e-06 0.000000000000000000e+00
3.255088599835056550e-06 0.000000000000000000e+00
3.489101213406773843e-06 0.000000000000000000e+00
3.739937302478793814e-06 0.000000000000000000e+00
4.008806328898464506e-06 0.000000000000000000e+00
4.297004704320844031e-06 0.000000000000000000e+00
4.605922041145103558e-06 0.000000000000000000e+00
4.937047852839003774e-06 0.000000000000000000e+00
5.291978735958436362e-06 0.000000000000000000e+00
5.672426068491977286e-06 0.000000000000000000e+00
6.080224261649427418e-06 0.000000000000000000e+00
6.517339604882419798e-06 0.000000000000000000e+00
6.985879746785248997e-06 0.000000000000000000e+00
7.488103857590030710e-06 0.000000000000000000e+00
8.026433522257174640e-06 0.000000000000000000e+00
8.603464416684508890e-06 0.000000000000000000e+00
9.221978823334321272e-06 0.000000000000000000e+00
9.884959046625586455e-06 0.000000000000000000e+00
1.059560179277614854e-05 0.000000000000000000e+00
1.135733358343105172e-05 0.000000000000000000e+00
1.217382727739661976e-05 0.000000000000000000e+00
1.304901978014401602e-05 0.000000000000000000e+00
1.398713102647238687e-05 0.000000000000000000e+00
1.499268432786047117e-05 0.000000000000000000e+00
1.607052818261638468e-05 0.000000000000000000e+00
1.722585965398787565e-05 0.000000000000000000e+00
1.846424942895542385e-05 0.000000000000000000e+00
1.979166867853557454e-05 0.000000000000000000e+00
2.121451784910627868e-05 0.000000000000000000e+00
2.273965752357927516e-05 0.000000000000000000e+00
2.437444150122221616e-05 0.000000000000000000e+00
2.612675225563326344e-05 0.000000000000000000e+00
2.800503894183631128e-05 0.000000000000000000e+00
3.001835813575592089e-05 0.000000000000000000e+00
3.217641750250735676e-05 0.000000000000000000e+00
3.448962260405759859e-05 0.000000000000000000e+00
3.696912707195024335e-05 0.000000000000000000e+00
3.962688638701478144e-05 0.000000000000000000e+00
4.247571552536893796e-05 0.000000000000000000e+00
4.552935074866947907e-05 0.000000000000000000e+00
4.880251583654433487e-05 0.000000000000000000e+00
5.231099308056257952e-05 0.000000000000000000e+00
5.607169938205458130e-05 0.000000000000000000e+00
6.010276782070387642e-05 7.415431278431269382e-320
6.442363508721369713e-05 9.341138900906250427e-315
6.905513520162330260e-05 6.997300432584687075e-310
7.401959996915637120e-05 5.224272187880604781e-305
7.934096665797492082e-05 3.885792900727746228e-300
8.504489341802668747e-05 2.877785092761836482e-295
9.115888299750818402e-05 2.120783827939733968e-290
9.771241535346501675e-05 1.554148841569548735e-285
1.047370897959449686e-04 1.131633876038402972e-280
1.122667773510813578e-04 8.179955931586060929e-276
1.203377840777589337e-04 5.863987251427997859e-271
1.289890261253308021e-04 4.164310443885322155e-266
1.382622173764654864e-04 2.925853331293545566e-261
1.482020705798858503e-04 2.030989275241860235e-256
1.588565129428052810e-04 1.390669806597157878e-251
1.702769172225899476e-04 9.376516347010511797e-247
1.825183494319042592e-04 6.213250549533141633e-242
1.956398343517062703e-04 4.037654841321178617e-237
2.097046401323232709e-04 2.567177653214991284e-232
2.247805833548725178e-04 1.592904204748229614e-227
2.409403560239524325e-04 9.618913280783715394e-223
2.582618760682674902e-04 5.635918437379563541e-218
2.768286630392063972e-04 3.193816960219400439e-213
2.967302408188869536e-04 1.744507253026394495e-208
3.180625692794118915e-04 9.151108966854116559e-204
3.409285069746810937e-04 4.592493179090943287e-199
3.654383070957254701e-04 2.196109736119373544e-194
3.917101490809256391e-04 9.964968173446889147e-190
4.198707084443910179e-04 4.272057204063807984e-185
4.500557675700497698e-04 1.722688797482664699e-180
4.824108704165368721e-04 6.504450393445154547e-176
5.170920242896755517e-04 2.288966224790656795e-171
5.542664520663101490e-04 7.472382622581379426e-167
5.941133984965033281e-04 2.252264533758216639e-162
6.368249944718586218e-04 6.238232793485548834e-158
6.826071834272385728e-04 1.580249197585705993e-153
7.316807143427192690e-04 3.643810871322706348e-149
7.842822061337682274e-04 7.612124846632111777e-145
8.406652885618325121e-04 1.433976404234358970e-140
9.011018251665018231e-04 2.424628870518495091e-136
9.658832241158698054e-04 3.662798498448419057e-132
1.035321843295661671e-03 4.921065032243631051e-128
1.109752496412072130e-03 5.853470172276244011e-124
1.189534067370319513e-03 6.136502895096228335e-120
1.275051240713012809e-03 5.644695454446201350e-116
1.366716356462005988e-03 4.535690811391209714e-112
1.464971398307284749e-03 3.169658955815255874e-108
1.570290124729377445e-03 1.917969749857359991e-104
1.683180353330956556e-03 1.000545578137831669e-100
1.804186409392071833e-03 4.480409211710263453e-97
1.933891750455230159e-03 1.714833754446573905e-93
2.072921779595369735e-03 5.586146743779806141e-90
2.221946860939523916e-03 1.542357391872473101e-86
2.381685551976158062e-03 3.594869029501255606e-83
2.552908068239516468e-03 7.045510366384184007e-80
2.736439997074669155e-03 1.156810605764990462e-76
2.933166278390042427e-03 1.585728156296659925e-73
3.144035471591500111e-03 1.809018230737167032e-70
3.370064329271928172e-03 1.712779074841218990e-67
3.612342699709430310e-03 1.342760053415558850e-64
3.872038781812553020e-03 8.700810693630761848e-62
4.150404757850472380e-03 4.654508850403345238e-59
4.448782831127585241e-03 2.054570145213207879e-56
4.768611697714469390e-03 7.485067134778225154e-54
5.111433483440165799e-03 2.252798714064383385e-51
5.478901179593939109e-03 5.611263808983543374e-49
5.872786613189477124e-03 1.159578666753989382e-46
6.294988990221887619e-03 1.994544952296369587e-44
6.747544053110693212e-03 2.866683698771735545e-42
7.232633896483533706e-03 3.458152141851597715e-40
7.752597488629456302e-03 3.518643251163922873e-38
8.309941949353387078e-03 3.035733080220293322e-36
8.907354638610439843e-03 2.233051640686534137e-34
9.547716114208055702e-03 1.408372844050413688e-32
1.023411402105452693e-02 7.658707726279159647e-31
1.096985797892384082e-02 3.610792329472308494e-29
1.175849554052155709e-02 1.483771074653996176e-27
1.260382929679727468e-02 5.341281078726577138e-26
1.350993521198025175e-02 1.692394031945692245e-24
1.448118227674533021e-02 4.740784974137266256e-23
1.552225357427047987e-02 1.178827972562880729e-21
1.663816886076127308e-02 2.611568060560159942e-20
1.783430876931909465e-02 5.171835016133298429e-19
1.911644075385699609e-02 9.182680868985891208e-18
2.049074689815846145e-02 1.465615639602903233e-16
2.196385372416546911e-02 2.107682765591175773e-15
2.354286414322415491e-02 2.736583341008689951e-14
2.523539170434765944e-02 3.213660144222639857e-13
2.704959730463131484e-02 3.418576870303362159e-12
2.899422853882875281e-02 3.298515951459932553e-11
3.107866187782013997e-02 2.890086978822574349e-10
3.331294787934670210e-02 2.301657153989770453e-09
3.570785964900462933e-02 1.667484870788150774e-08
3.827494478516307169e-02 1.099696224076056777e-07
4.102658105827190066e-02 6.605751849797223027e-07
4.397603609302721400e-02 3.615906588798324895e-06
4.713753134116719506e-02 1.804378822927488708e-05
5.052631065335679711e-02 8.210931757600199081e-05
5.415871378079464837e-02 3.408184795314442858e-04
5.805225516094895954e-02 1.290650984700032842e-03
6.222570836730231120e-02 4.459780327336407106e-03
6.669919663030114687e-02 1.406450761873183006e-02
7.149428986597576585e-02 4.047647099972421364e-02
7.663410868007446142e-02 1.063271865942478495e-01
8.214343584919421570e-02 2.549439220620042801e-01
8.804883581643464796e-02 5.579721724707878971e-01
9.437878277775371694e-02 1.114679681948929968e+00
1.011637979766207007e-01 2.032609332007841996e+00
1.084365968689608717e-01 3.383110253918406585e+00
1.162322468679851811e-01 5.139552350384107626e+00
1.245883364295008178e-01 7.126346921517989763e+00
1.335451562929897418e-01 9.018296489202043631e+00
1.431458937523478470e-01 1.041548646911520848e+01
1.534368408930009975e-01 1.097772709749062514e+01
1.644676177994662813e-01 1.055850680436114963e+01
1.762914118095947891e-01 9.266773032848618641e+00
1.889652339691207661e-01 7.421109713363713389e+00
2.025501939230666404e-01 5.422526102696700434e+00
2.171117945694500950e-01 3.614973092641500685e+00
2.327202478960407328e-01 2.198656378547292789e+00
2.494508135230316670e-01 1.219935843949147669e+00
2.673841615839944175e-01 6.174797627715143955e-01
2.866067616948250185e-01 2.850976877479626803e-01
3.072112998861752931e-01 1.200685943951976531e-01
3.292971255097147942e-01 4.612309496381934021e-02
3.529707302730650254e-01 3.479340632803639560e-02
3.783462617131925221e-01 9.867644471253855451e-03
4.055460735840827891e-01 1.118697060607055059e-03
4.347013158125017651e-01 4.645180639119842391e-05
4.659525668664677434e-01 1.670714416583246070e-06
4.994505115855140120e-01 2.565704054350744850e-06
5.353566677410719343e-01 3.140760650912740519e-06
5.738441648302392561e-01 1.786728008507055243e-06
6.150985788580504154e-01 4.368887485470217665e-07
6.593188271333542128e-01 4.218195165865039223e-08
7.067181273927490848e-01 1.464804591200842624e-09
7.575250258771905054e-01 1.650868512142516371e-11
8.119844993184008874e-01 5.393078621680398758e-14
8.703591361485165656e-01 5.370075851729134064e-17
9.329304026284677143e-01 4.534100340527843269e-17
1.000000000000000000e+00 1.287398238079842640e-16
