# Posterior distribution for f, given N merger events. PBH Mass: 0.8 M_sun
# Columns: f, P(f|N=1), P(f|N=10), P(f|N=100)
9.999999999999999547e-07 3.210976582884665152e-06 1.460698353636779054e-81 0.000000000000000000e+00
1.071891319205128528e-06 3.689254335164822904e-06 5.855653181961487863e-81 0.000000000000000000e+00
1.148951000187308475e-06 4.238771937837667439e-06 2.347416393662110676e-80 0.000000000000000000e+00
1.231550603292826123e-06 4.870140614389659207e-06 9.410330977690740583e-80 0.000000000000000000e+00
1.320088400831416760e-06 5.595552135054959690e-06 3.772416544561577963e-79 0.000000000000000000e+00
1.414991297434575852e-06 6.429014239484138905e-06 1.512287485426936011e-78 0.000000000000000000e+00
1.516716888470924146e-06 7.386621125524803836e-06 6.062462272039937723e-78 0.000000000000000000e+00
1.625755666443793459e-06 8.486864227164483577e-06 2.430321398026502730e-77 0.000000000000000000e+00
1.742633386009650705e-06 9.750989282646085586e-06 9.742677825621560021e-77 0.000000000000000000e+00
1.867913599020780929e-06 1.120340658759268127e-05 3.905646551879407907e-76 0.000000000000000000e+00
2.002200371815584564e-06 1.287216251839084298e-05 1.565696206929625137e-75 0.000000000000000000e+00
2.146141197858405979e-06 1.478948047120425396e-05 6.276564864014205502e-75 0.000000000000000000e+00
2.300430119772916844e-06 1.699238400761845120e-05 2.516149843827557264e-74 0.000000000000000000e+00
2.465811075822603893e-06 1.952341118238545869e-05 1.008674252458434861e-73 0.000000000000000000e+00
2.643081486974102836e-06 2.243143608625495597e-05 4.043573297768742653e-73 0.000000000000000000e+00
2.833096101839324281e-06 2.577261259248889502e-05 1.620987446535391214e-72 0.000000000000000000e+00
3.036771118035460538e-06 2.961145867222005255e-05 6.498212742961189974e-72 0.000000000000000000e+00
3.255088599835056550e-06 3.402210221571362272e-05 2.605002455446049561e-71 0.000000000000000000e+00
3.489101213406773843e-06 3.908971241496228007e-05 1.044292793246273743e-70 0.000000000000000000e+00
3.739937302478793814e-06 4.491214434585661042e-05 4.186357873519037554e-70 0.000000000000000000e+00
4.008806328898464506e-06 5.160182850456238284e-05 1.678225603999031706e-69 0.000000000000000000e+00
4.297004704320844031e-06 5.928794178216684988e-05 6.727663289551738401e-69 0.000000000000000000e+00
4.605922041145103558e-06 6.811890179543268135e-05 2.696982066032139431e-68 0.000000000000000000e+00
4.937047852839003774e-06 7.826523273445578190e-05 1.081164476360626372e-67 0.000000000000000000e+00
5.291978735958436362e-06 8.992285806069165660e-05 4.334164254249351809e-67 0.000000000000000000e+00
5.672426068491977286e-06 1.033168836295894188e-04 1.737476116810306803e-66 0.000000000000000000e+00
6.080224261649427418e-06 1.187059442799593155e-04 6.965177516811451395e-66 0.000000000000000000e+00
6.517339604882419798e-06 1.363871978099374504e-04 2.792192729256064347e-65 0.000000000000000000e+00
6.985879746785248997e-06 1.567020627567794195e-04 1.119330757193374860e-64 0.000000000000000000e+00
7.488103857590030710e-06 1.800428107558906411e-04 4.487157482912881804e-64 0.000000000000000000e+00
8.026433522257174640e-06 2.068601407503466887e-04 1.798804639329121950e-63 0.000000000000000000e+00
8.603464416684508890e-06 2.376718812739020339e-04 7.211016359756343392e-63 0.000000000000000000e+00
9.221978823334321272e-06 2.730729888034263628e-04 2.890738042060995600e-62 0.000000000000000000e+00
9.884959046625586455e-06 3.137470351907540819e-04 1.158832716771207302e-61 0.000000000000000000e+00
1.059560179277614854e-05 3.604794059211459552e-04 4.645500240870047322e-61 0.000000000000000000e+00
1.135733358343105172e-05 4.141724639596246573e-04 1.862275491365536393e-60 0.000000000000000000e+00
1.217382727739661976e-05 4.758629718735261742e-04 7.465433654341060139e-60 0.000000000000000000e+00
1.304901978014401602e-05 5.467421084900171181e-04 2.992717965884801045e-59 0.000000000000000000e+00
1.398713102647238687e-05 6.281784663997485359e-04 1.199709621896013402e-58 0.000000000000000000e+00
1.499268432786047117e-05 7.217444741157152954e-04 4.809346322672592356e-58 0.000000000000000000e+00
1.607052818261638468e-05 8.292467527451776680e-04 1.927948699518847515e-57 0.000000000000000000e+00
1.722585965398787565e-05 9.527609929025903117e-04 7.728662715120760477e-57 0.000000000000000000e+00
1.846424942895542385e-05 1.094672024739564873e-03 3.098222734110719599e-56 0.000000000000000000e+00
1.979166867853557454e-05 1.257719854067604857e-03 1.241996158134060330e-55 0.000000000000000000e+00
2.121451784910627868e-05 1.445052552520906470e-03 4.978828062311120153e-55 0.000000000000000000e+00
2.273965752357927516e-05 1.660287021752285394e-03 1.995874280281114821e-54 0.000000000000000000e+00
2.437444150122221616e-05 1.907578803304265823e-03 8.000890327938552994e-54 0.000000000000000000e+00
2.612675225563326344e-05 2.191702279948038942e-03 3.207321014374628504e-53 0.000000000000000000e+00
2.800503894183631128e-05 2.518142814260340267e-03 1.285717038797911723e-52 0.000000000000000000e+00
3.001835813575592089e-05 2.893202599825457633e-03 5.154031769089536297e-52 0.000000000000000000e+00
3.217641750250735676e-05 3.324122264072154869e-03 2.066081041720191841e-51 0.000000000000000000e+00
3.448962260405759859e-05 3.819220564391999188e-03 8.282205673767117554e-51 0.000000000000000000e+00
3.696912707195024335e-05 4.388054866563910646e-03 3.320036601346626008e-50 0.000000000000000000e+00
3.962688638701478144e-05 5.041605493191904201e-03 1.330876364457119273e-49 0.000000000000000000e+00
4.247571552536893796e-05 5.792487487351740370e-03 5.334949129051737172e-49 0.000000000000000000e+00
4.552935074866947907e-05 6.655193861516955217e-03 2.138554377621090607e-48 0.000000000000000000e+00
4.880251583654433487e-05 7.646375003891736286e-03 8.572498824277814249e-48 0.000000000000000000e+00
5.231099308056257952e-05 8.785159604706233721e-03 3.436302000838187794e-47 0.000000000000000000e+00
5.607169938205458130e-05 1.009352325657248209e-02 1.377436390326201685e-46 0.000000000000000000e+00
6.010276782070387642e-05 1.159671179018072901e-02 5.521380045395042785e-46 0.000000000000000000e+00
6.442363508721369713e-05 1.332372744594949310e-02 2.213191793730512579e-45 0.000000000000000000e+00
6.905513520162330260e-05 1.530788717246373692e-02 8.871257108921954602e-45 0.000000000000000000e+00
7.401959996915637120e-05 1.758746370489758237e-02 3.555865167058923586e-44 0.000000000000000000e+00
7.934096665797492082e-05 2.020642163512818140e-02 1.425274802045086442e-43 0.000000000000000000e+00
8.504489341802668747e-05 2.321526246698185636e-02 5.712736873347572810e-43 0.000000000000000000e+00
9.115888299750818402e-05 2.667199468545632807e-02 2.289713189493389333e-42 0.000000000000000000e+00
9.771241535346501675e-05 3.064324719190973309e-02 9.177153870970408150e-42 0.000000000000000000e+00
1.047370897959449686e-04 3.520554710609044569e-02 3.678100972984631658e-41 0.000000000000000000e+00
1.122667773510813578e-04 4.044678595260699921e-02 1.474098276858912205e-40 0.000000000000000000e+00
1.203377840777589337e-04 4.646790168038791163e-02 5.907648074440048356e-40 0.000000000000000000e+00
1.289890261253308021e-04 5.338480785945547147e-02 2.367479113304332823e-39 0.000000000000000000e+00
1.382622173764654864e-04 6.133060581465021865e-02 9.487215060644160949e-39 0.000000000000000000e+00
1.482020705798858503e-04 7.045812044899604776e-02 3.801629051612748028e-38 0.000000000000000000e+00
1.588565129428052810e-04 8.094280614122069395e-02 1.523267255160778723e-37 0.000000000000000000e+00
1.702769172225899476e-04 9.298607543463288660e-02 6.103154837455385055e-37 0.000000000000000000e+00
1.825183494319042592e-04 1.068191103293141542e-01 2.445122489121143151e-36 0.000000000000000000e+00
1.956398343517062703e-04 1.227072239033098061e-01 9.795131397117248522e-36 0.000000000000000000e+00
2.097046401323232709e-04 1.409548487688667973e-01 3.923540446738101621e-35 0.000000000000000000e+00
2.247805833548725178e-04 1.619112385489256678e-01 1.571441718367922858e-34 0.000000000000000000e+00
2.409403560239524325e-04 1.859769791441197861e-01 6.293089276820294895e-34 0.000000000000000000e+00
2.582618760682674902e-04 2.136114180208308067e-01 2.519806445043079821e-33 0.000000000000000000e+00
2.768286630392063972e-04 2.453411320015864705e-01 1.008786405156574474e-32 0.000000000000000000e+00
2.967302408188869536e-04 2.817695669177744389e-01 4.037846321930932787e-32 0.000000000000000000e+00
3.180625692794118915e-04 3.235879957216882818e-01 1.615872801770406894e-31 0.000000000000000000e+00
3.409285069746810937e-04 3.715879548341503580e-01 6.464842816396489282e-31 0.000000000000000000e+00
3.654383070957254701e-04 4.266753310106730090e-01 2.585751778456380564e-30 0.000000000000000000e+00
3.917101490809256391e-04 4.898862819656332190e-01 1.033894393534834763e-29 0.000000000000000000e+00
4.198707084443910179e-04 5.624051821739171064e-01 4.132433683620431882e-29 0.000000000000000000e+00
4.500557675700497698e-04 6.455847889933492567e-01 1.651022295756817084e-28 0.000000000000000000e+00
4.824108704165368721e-04 7.409688212545446628e-01 6.593119698195191141e-28 0.000000000000000000e+00
5.170920242896755517e-04 8.503171297377187798e-01 2.631417806152022240e-27 0.000000000000000000e+00
5.542664520663101490e-04 9.756336125509198487e-01 1.049578689399290829e-26 0.000000000000000000e+00
5.941133984965033281e-04 1.119196983232762399e+00 4.183378226665256476e-26 0.000000000000000000e+00
6.368249944718586218e-04 1.283594428903007456e+00 1.666023642155048743e-25 8.210827561671092193e-319
6.826071834272385728e-04 1.471758091774097332e+00 6.628658885506957393e-25 9.179820464196827378e-313
7.316807143427192690e-04 1.687004159669091230e+00 2.634522983679889546e-24 9.250500311188237956e-307
7.842822061337682274e-04 1.933074147562185985e+00 1.045786981293660378e-23 9.240287613506214945e-301
8.406652885618325121e-04 2.214177677998249827e+00 4.145464449485935276e-23 9.138069786888823614e-295
9.011018251665018231e-04 2.535035706835567115e+00 1.640609380131329045e-22 8.934236215569581578e-289
9.658832241158698054e-04 2.900922673687073239e+00 6.480980295174597338e-22 8.621762585829220985e-283
1.035321843295661671e-03 3.317705464663750714e+00 2.554864898693314075e-21 8.197440486406611686e-277
1.109752496412072130e-03 3.791876340763043807e+00 1.004755216901559827e-20 7.663146661756226525e-271
1.189534067370319513e-03 4.330576095057280916e+00 3.940710304972549371e-20 7.026984179254303184e-265
1.275051240713012809e-03 4.941602651356068243e+00 1.540810125384061231e-19 6.304065627686147460e-259
1.366716356462005988e-03 5.633399117681365809e+00 6.003469779522801216e-19 5.516666536336373914e-253
1.464971398307284749e-03 6.415013996040657140e+00 2.329861689893627726e-18 4.693482553648176183e-247
1.570290124729377445e-03 7.296024898321503471e+00 9.001282834823652767e-18 3.867806031111092116e-241
1.683180353330956556e-03 8.286415849058585081e+00 3.459958589479807002e-17 3.074616560642972035e-235
1.804186409392071833e-03 9.396397255091022416e+00 1.322353345936409173e-16 2.346848662965094310e-229
1.933891750455230159e-03 1.063615714982254445e+01 5.021375871908315580e-16 1.711406513946026370e-223
2.072921779595369735e-03 1.201553271375549770e+01 1.893016371433350409e-15 1.185738738777993467e-217
2.221946860939523916e-03 1.354359273749359183e+01 7.078950886334952451e-15 7.758367177682317978e-212
2.381685551976158062e-03 1.522812506445362146e+01 2.623380830163441380e-14 4.762777429232620892e-206
2.552908068239516468e-03 1.707502852855992970e+01 9.624895044856025126e-14 2.724050154815646014e-200
2.736439997074669155e-03 1.908761674806822839e+01 3.492272975817861222e-13 1.440785594011929798e-194
2.933166278390042427e-03 2.126585132140268541e+01 1.251719436707154572e-12 6.992140003186910620e-189
3.144035471591500111e-03 2.360553407169897966e+01 4.426693126129698677e-12 3.088237657731427025e-183
3.370064329271928172e-03 2.609750090169610814e+01 1.542750167466588528e-11 1.231047532696082894e-177
3.612342699709430310e-03 2.872687202461611733e+01 5.291946493691048678e-11 4.391779793057730235e-172
3.872038781812553020e-03 3.147242257073589755e+01 1.784416346486242742e-10 1.390508763692019740e-166
4.150404757850472380e-03 3.430614157779482554e+01 5.907461373445328114e-10 3.875594343189911599e-161
4.448782831127585241e-03 3.719304414808269854e+01 1.917817205163350965e-09 9.435636056162197740e-156
4.768611697714469390e-03 4.009129014547180958e+01 6.098403996197668258e-09 1.992311784760018389e-150
5.111433483440165799e-03 4.295264386812792878e+01 1.897406074977636051e-08 3.624939637979676545e-145
5.478901179593939109e-03 4.572328520508407479e+01 5.770455869739309349e-08 5.651799782465786128e-140
5.872786613189477124e-03 4.834495798355180796e+01 1.713876078710075296e-07 7.516739456969145952e-135
6.294988990221887619e-03 5.075642028493160041e+01 4.967382360417320891e-07 8.497714505970099107e-130
6.747544053110693212e-03 5.289514841653436150e+01 1.403976541242736722e-06 8.146020991650613657e-125
7.232633896483533706e-03 5.469924272345409122e+01 3.867449546799361476e-06 6.612325569648863396e-120
7.752597488629456302e-03 5.610948813813501346e+01 1.037788279491810350e-05 4.542972816742904240e-115
8.309941949353387078e-03 5.707153084394663267e+01 2.711628682892185981e-05 2.642868071154523705e-110
8.907354638610439843e-03 5.753813824018885725e+01 6.896518058532136956e-05 1.303222421308804599e-105
9.547716114208055702e-03 5.747150597062484678e+01 1.706718884513788248e-04 5.455395848597905737e-101
1.023411402105452693e-02 5.684555845285012765e+01 4.108512384941174675e-04 1.942041585215708533e-96
1.096985797892384082e-02 5.564815701592909392e+01 9.617234781324022087e-04 5.889501228913014894e-92
1.175849554052155709e-02 5.388308573729678130e+01 2.188252330887910727e-03 1.523889567116497563e-87
1.260382929679727468e-02 5.157163706358983291e+01 4.837750454528427085e-03 3.367898619414459785e-83
1.350993521198025175e-02 4.875357849518518094e+01 1.038672349726179125e-02 6.360466543329698287e-79
1.448118227674533021e-02 4.548726112158702506e+01 2.164520420067850975e-02 1.026060220833631626e-74
1.552225357427047987e-02 4.184864349747517309e+01 4.375395344992669827e-02 1.411888355139978965e-70
1.663816886076127308e-02 3.792906028641640148e+01 8.573028575624916381e-02 1.652925496926789119e-66
1.783430876931909465e-02 3.383166856808902168e+01 1.626917645245534449e-01 1.639998863675257721e-62
1.911644075385699609e-02 2.966665148867080504e+01 2.987645963490289103e-01 1.371690823244462796e-58
2.049074689815846145e-02 2.554543436128841805e+01 5.304074035117023467e-01 9.604970421751686063e-55
2.196385372416546911e-02 2.157434709140222395e+01 9.094117686661437050e-01 5.582589676311029322e-51
2.354286414322415491e-02 1.784831546955538073e+01 1.504207198911788002e+00 2.665416579036458110e-47
2.523539170434765944e-02 1.444524648191692684e+01 2.397460414098707027e+00 1.032617379752083821e-43
2.704959730463131484e-02 1.142175916247555456e+01 3.677654061586745460e+00 3.199824324597644681e-40
2.899422853882875281e-02 8.810787599923726177e+00 5.422838533678622674e+00 7.800987841654236321e-37
3.107866187782013997e-02 6.621354255621105800e+00 7.676525319488432864e+00 1.468365717160947319e-33
3.331294787934670210e-02 4.840513149516986857e+00 1.041883542942384189e+01 2.089041635212280599e-30
3.570785964900462933e-02 3.437148393859318585e+00 1.353991511018854865e+01 2.193527800734986694e-27
3.827494478516307169e-02 2.367048765335759253e+00 1.682578173439188518e+01 1.655462060450663902e-24
4.102658105827190066e-02 1.578520113682365889e+00 1.996708147287011670e+01 8.721443620631715229e-22
4.397603609302721400e-02 1.017778809530034634e+00 2.259701914787291344e+01 3.106678690541855842e-19
4.713753134116719506e-02 6.334904454491263603e-01 2.435589613969804290e+01 7.229751159810086446e-17
5.052631065335679711e-02 3.800422547692173803e-01 2.496874114691340196e+01 1.060125119064791417e-14
5.415871378079464837e-02 2.194074814433914500e-01 2.431407397692780137e+01 9.443148675865365669e-13
5.805225516094895954e-02 1.217093733952135937e-01 2.246072274189214113e+01 4.939853458090540734e-11
6.222570836730231120e-02 6.477084268308923309e-02 1.965801727269043653e+01 1.481069846451382029e-09
6.669919663030114687e-02 3.301824989719946701e-02 1.628023491507874354e+01 2.542638853852445002e-08
7.149428986597576585e-02 1.609872381453125376e-02 1.274243519582862127e+01 2.619473133366903888e-07
7.663410868007446142e-02 7.496969688115061488e-03 9.414397279937670504e+00 1.820986404061314632e-06
8.214343584919421570e-02 3.327402322286858363e-03 6.557990094020108351e+00 9.988705192812813620e-06
8.804883581643464796e-02 1.405686521051438716e-03 4.302192015485052146e+00 4.802301250912018163e-05
9.437878277775371694e-02 5.645145236574291691e-04 2.655005847806672481e+00 2.087130369521344867e-04
1.011637979766207007e-01 2.153499933151901795e-04 1.539668322583782389e+00 8.229570249628434531e-04
1.084365968689608717e-01 7.803498742839854645e-05 8.381425095874505127e-01 2.944471391887248934e-03
1.162322468679851811e-01 2.686841414603497184e-05 4.278527346351155281e-01 9.559721640644149032e-03
1.245883364295008178e-01 8.784053845060028871e-06 2.046100792955907743e-01 2.816376623989664402e-02
1.335451562929897418e-01 2.716747241099751598e-06 9.157991629227998920e-02 7.529049848576574444e-02
1.431458937523478470e-01 7.887943530666589773e-07 3.832761820777662309e-02 1.826363555679937911e-01
1.534368408930009975e-01 2.128870699354368011e-07 1.479339897876707360e-02 4.019976391464880616e-01
1.644676177994662813e-01 5.305725315284431053e-08 5.337073625811772533e-03 8.028585909108776342e-01
1.762914118095947891e-01 1.226814880230500051e-08 1.836799851988704267e-03 1.454865832878649679e+00
1.889652339691207661e-01 2.690478643213890886e-09 6.066848920163637896e-04 2.392013281719469475e+00
2.025501939230666404e-01 5.783052449234555554e-10 1.868262360496541780e-04 3.568199720843037603e+00
2.171117945694500950e-01 1.237972555065689488e-10 5.108668891548873430e-05 4.829118628136579439e+00
2.327202478960407328e-01 2.573964601327396984e-11 1.203215068480914772e-05 5.929366564557311037e+00
2.494508135230316670e-01 4.929465595999487462e-12 2.506600711176392067e-06 6.604798121928593169e+00
2.673841615839944175e-01 8.260414097104575720e-13 5.159812554551966623e-07 6.674388893132519485e+00
2.866067616948250185e-01 1.168287075183920853e-13 1.173085184121135510e-07 6.118641740508723004e+00
3.072112998861752931e-01 1.370011662116320742e-14 2.774616774604397114e-08 5.088409575080027558e+00
3.292971255097147942e-01 1.353890724046707216e-15 5.845197933904652439e-09 3.838714733100115239e+00
3.529707302730650254e-01 1.256502400366851991e-16 9.885735549608727496e-10 2.627005457504497432e+00
3.783462617131925221e-01 1.390219341298402220e-17 1.275402342582696712e-10 1.630810850562554704e+00
4.055460735840827891e-01 1.998481783820326154e-18 1.228464336615567783e-11 9.183567750853173228e-01
4.347013158125017651e-01 3.000305834926452995e-19 9.304642852104094086e-13 4.691200148496336708e-01
4.659525668664677434e-01 3.934170932303720844e-20 7.911952280312391969e-14 0.000000000000000000e+00
4.994505115855140120e-01 4.204280448140623567e-21 1.216657645457272654e-14 0.000000000000000000e+00
5.353566677410719343e-01 3.545928497910982015e-22 2.285203869308381812e-15 0.000000000000000000e+00
5.738441648302392561e-01 2.299642308345755848e-23 3.562960568535224842e-16 0.000000000000000000e+00
6.150985788580504154e-01 1.116066870656013412e-24 4.188632726640762706e-17 0.000000000000000000e+00
6.593188271333542128e-01 3.935362598315293586e-26 3.577938927308523200e-18 0.000000000000000000e+00
7.067181273927490848e-01 9.778696648803193831e-28 2.147924837515443046e-19 0.000000000000000000e+00
7.575250258771905054e-01 1.704272981964413818e-29 8.740588981315086559e-21 0.000000000000000000e+00
8.119844993184008874e-01 3.076072580749080862e-31 2.317191926959995885e-22 0.000000000000000000e+00
8.703591361485165656e-01 2.211552918463469559e-32 3.838665360466047251e-24 0.000000000000000000e+00
9.329304026284677143e-01 2.807168553031746439e-33 4.060774713351868815e-26 0.000000000000000000e+00
1.000000000000000000e+00 3.033894442124881093e-34 9.948285051526781259e-28 0.000000000000000000e+00
