# Posterior distribution for f, given N = 10 merger events at LIGO O3. PBH Mass: 0.5 M_sunPrior: jeffreys
# Columns: f, P(f|N)
9.999999999999999547e-07 1.244305470658974805e-78
1.071891319205128528e-06 4.988175420815583347e-78
1.148951000187308475e-06 1.999661100553788202e-77
1.231550603292826123e-06 8.016246242234154542e-77
1.320088400831416760e-06 3.213554493360873262e-76
1.414991297434575852e-06 1.288250305953679041e-75
1.516716888470924146e-06 5.164339719209332324e-75
1.625755666443793459e-06 2.070281077482267395e-74
1.742633386009650705e-06 8.299344259943733473e-74
1.867913599020780929e-06 3.327041367920941340e-73
2.002200371815584564e-06 1.333744288445995275e-72
2.146141197858405979e-06 5.346713226161591091e-72
2.300430119772916844e-06 2.143389762336153355e-71
2.465811075822603893e-06 8.592417100771321789e-71
2.643081486974102836e-06 3.444526119926259322e-70
2.833096101839324281e-06 1.380840579312938645e-69
3.036771118035460538e-06 5.535508497441144391e-69
3.255088599835056550e-06 2.219072120772430484e-68
3.489101213406773843e-06 8.895804307323352537e-68
3.739937302478793814e-06 3.566144396959718207e-67
4.008806328898464506e-06 1.429593351392065339e-66
4.297004704320844031e-06 5.730941797747860333e-66
4.605922041145103558e-06 2.297414451569261409e-65
4.937047852839003774e-06 9.209850083919325807e-65
5.291978735958436362e-06 3.692033411990934397e-64
5.672426068491977286e-06 1.480057270016916125e-63
6.080224261649427418e-06 5.933230764363832087e-63
6.517339604882419798e-06 2.378503335284816285e-62
6.985879746785248997e-06 9.534898565326186910e-62
7.488103857590030710e-06 3.822329813842964962e-61
8.026433522257174640e-06 1.532286534265945486e-60
8.603464416684508890e-06 6.142590089217240549e-60
9.221978823334321272e-06 2.462423688782381058e-59
9.884959046625586455e-06 9.871285047173706686e-59
1.059560179277614854e-05 3.957165732085621931e-58
1.135733358343105172e-05 1.586333092200891067e-57
1.217382727739661976e-05 6.359223460277691646e-57
1.304901978014401602e-05 2.549255124336438753e-56
1.398713102647238687e-05 1.021931952581621848e-55
1.499268432786047117e-05 4.096661330710226438e-55
1.607052818261638468e-05 1.642243270028913048e-54
1.722585965398787565e-05 6.583308292141663542e-54
1.846424942895542385e-05 2.639065028203653133e-53
1.979166867853557454e-05 1.057925530363243330e-52
2.121451784910627868e-05 4.240910558579702924e-52
2.273965752357927516e-05 1.700051300295079794e-51
2.437444150122221616e-05 6.814966314031951823e-51
2.612675225563326344e-05 2.731895185690350144e-50
2.800503894183631128e-05 1.095122813076982372e-49
3.001835813575592089e-05 4.389953441737850307e-49
3.217641750250735676e-05 1.759766699952920157e-48
3.448962260405759859e-05 7.054206040827408293e-48
3.696912707195024335e-05 2.827735546608387701e-47
3.962688638701478144e-05 1.133513650994134711e-46
4.247571552536893796e-05 4.543721446485608303e-46
4.552935074866947907e-05 1.821349319153101859e-45
4.880251583654433487e-05 7.300808778928487129e-45
5.231099308056257952e-05 2.926472124024989839e-44
5.607169938205458130e-05 1.173040347670280608e-43
6.010276782070387642e-05 4.701928521111332552e-43
6.442363508721369713e-05 1.884659489029377732e-42
6.905513520162330260e-05 7.554100466488759667e-42
7.401959996915637120e-05 3.027782543296578566e-41
7.934096665797492082e-05 1.213549830785452137e-40
8.504489341802668747e-05 4.863852033545836431e-40
9.115888299750818402e-05 1.949357669995212784e-39
9.771241535346501675e-05 7.812491892779652927e-39
1.047370897959449686e-04 3.130925357979888030e-38
1.122667773510813578e-04 1.254697101892563602e-37
1.203377840777589337e-04 5.027890284641233306e-37
1.289890261253308021e-04 2.014701657462185524e-36
1.382622173764654864e-04 8.072549299769543107e-36
1.482020705798858503e-04 3.234314138197935064e-35
1.588565129428052810e-04 1.295750078062169889e-34
1.702769172225899476e-04 5.190668417829707619e-34
1.825183494319042592e-04 2.079137060813116954e-33
1.956398343517062703e-04 8.327119204313455008e-33
2.097046401323232709e-04 3.334659154155538421e-32
2.247805833548725178e-04 1.335196897874443975e-31
2.409403560239524325e-04 5.345242771927863484e-31
2.582618760682674902e-04 2.139476763154899352e-30
2.768286630392063972e-04 8.561581807976916123e-30
2.967302408188869536e-04 3.425258278003867232e-29
3.180625692794118915e-04 1.369967132686066832e-28
3.409285069746810937e-04 5.477556749012358346e-28
3.654383070957254701e-04 2.189290499750279412e-27
3.917101490809256391e-04 8.746546441128413813e-27
4.198707084443910179e-04 3.492690719951312072e-26
4.500557675700497698e-04 1.393938954897541438e-25
4.824108704165368721e-04 5.559719973434741452e-25
5.170920242896755517e-04 2.215889438769459508e-24
5.542664520663101490e-04 8.824377229863651215e-24
5.941133984965033281e-04 3.510825115827985375e-23
6.368249944718586218e-04 1.395289992216221097e-22
6.826071834272385728e-04 5.538377577621186822e-22
7.316807143427192690e-04 2.195263262388507714e-21
7.842822061337682274e-04 8.687384819846891474e-21
8.406652885618325121e-04 3.431548989783193612e-20
9.011018251665018231e-04 1.352622599789535678e-19
9.658832241158698054e-04 5.318872250368426483e-19
1.035321843295661671e-03 2.085801020700825651e-18
1.109752496412072130e-03 8.154009034212205801e-18
1.189534067370319513e-03 3.176344540278816852e-17
1.275051240713012809e-03 1.232342494393950922e-16
1.366716356462005988e-03 4.759328960945364164e-16
1.464971398307284749e-03 1.828541746431047334e-15
1.570290124729377445e-03 6.984126492612192974e-15
1.683180353330956556e-03 2.649945956247179168e-14
1.804186409392071833e-03 9.979609017462137758e-14
1.933891750455230159e-03 3.726815383828872810e-13
2.072921779595369735e-03 1.378692149974174117e-12
2.221946860939523916e-03 5.046836863659278015e-12
2.381685551976158062e-03 1.825877402031244750e-11
2.552908068239516468e-03 6.520242656941957556e-11
2.736439997074669155e-03 2.295087030111186243e-10
2.933166278390042427e-03 7.951502918890492588e-10
3.144035471591500111e-03 2.707439613145087130e-09
3.370064329271928172e-03 9.045928011505298765e-09
3.612342699709430310e-03 2.961055803238744391e-08
3.872038781812553020e-03 9.480960699046471560e-08
4.150404757850472380e-03 2.964784467347816458e-07
4.448782831127585241e-03 9.040913323135671028e-07
4.768611697714469390e-03 2.684631392759919466e-06
5.111433483440165799e-03 7.752220873419493795e-06
5.478901179593939109e-03 2.174211581995432117e-05
5.872786613189477124e-03 5.916045124980143731e-05
6.294988990221887619e-03 1.560243664068855951e-04
6.747544053110693212e-03 3.984914473745935918e-04
7.232633896483533706e-03 9.849160320510694407e-04
7.752597488629456302e-03 2.354336338095697981e-03
8.309941949353387078e-03 5.440032430435194459e-03
8.907354638610439843e-03 1.214512577394684031e-02
9.547716114208055702e-03 2.618741235566781830e-02
1.023411402105452693e-02 5.451351424373861165e-02
1.096985797892384082e-02 1.095130756329053823e-01
1.175849554052155709e-02 2.122252516563924996e-01
1.260382929679727468e-02 3.965511905275525550e-01
1.350993521198025175e-02 7.140880549226426011e-01
1.448118227674533021e-02 1.238532541907229279e+00
1.552225357427047987e-02 2.067714464499187610e+00
1.663816886076127308e-02 3.320445276966090375e+00
1.783430876931909465e-02 5.124966726859083721e+00
1.911644075385699609e-02 7.596502263514727460e+00
2.049074689815846145e-02 1.080383133071121549e+01
2.196385372416546911e-02 1.472903389391119333e+01
2.354286414322415491e-02 1.922976716060829716e+01
2.523539170434765944e-02 2.401768789904643953e+01
2.704959730463131484e-02 2.866725525986587186e+01
2.899422853882875281e-02 3.266392428276278537e+01
3.107866187782013997e-02 3.548948201875733588e+01
3.331294787934670210e-02 3.672794191361488458e+01
3.570785964900462933e-02 3.616371985306720660e+01
3.827494478516307169e-02 3.384096608109389592e+01
4.102658105827190066e-02 3.006220502083399282e+01
4.397603609302721400e-02 2.532363847959307890e+01
4.713753134116719506e-02 2.020609649673997410e+01
5.052631065335679711e-02 1.525527655498481394e+01
5.415871378079464837e-02 1.088621736224513015e+01
5.805225516094895954e-02 7.334992079276728028e+00
6.222570836730231120e-02 4.661695417883644055e+00
6.669919663030114687e-02 2.791744107369907191e+00
7.149428986597576585e-02 1.573878399515068915e+00
7.663410868007446142e-02 8.344837119646164592e-01
8.214343584919421570e-02 4.157326083264854533e-01
8.804883581643464796e-02 1.944328201980544679e-01
9.437878277775371694e-02 8.529143695998053776e-02
1.011637979766207007e-01 3.506341093807886083e-02
1.084365968689608717e-01 1.415658210921776246e-02
1.162322468679851811e-01 5.791731836333450026e-03
1.245883364295008178e-01 2.092568203690237365e-03
1.335451562929897418e-01 6.364105673481836381e-04
1.431458937523478470e-01 1.585176318319059957e-04
1.534368408930009975e-01 3.228283383482996610e-05
1.644676177994662813e-01 5.764777245771144506e-06
1.762914118095947891e-01 1.145686122836321103e-06
1.889652339691207661e-01 3.176908551368063154e-07
2.025501939230666404e-01 1.018103492891227506e-07
2.171117945694500950e-01 2.937280970880165991e-08
2.327202478960407328e-01 6.922070782556541914e-09
2.494508135230316670e-01 1.283916556379587858e-09
2.673841615839944175e-01 1.825143802807286274e-10
2.866067616948250185e-01 1.935282939087661598e-11
3.072112998861752931e-01 1.486133304407556907e-12
3.292971255097147942e-01 8.006493429316079049e-14
3.529707302730650254e-01 2.954401965902613155e-15
3.783462617131925221e-01 8.801602060409316459e-17
4.055460735840827891e-01 8.152508921093011394e-18
4.347013158125017651e-01 2.202506599932161394e-18
4.659525668664677434e-01 5.440045938869622915e-19
4.994505115855140120e-01 1.065014518826753118e-19
5.353566677410719343e-01 1.607666910503733051e-20
5.738441648302392561e-01 1.822734512024312089e-21
6.150985788580504154e-01 1.508090849446488950e-22
6.593188271333542128e-01 8.821491289089117438e-24
7.067181273927490848e-01 3.523044189015299478e-25
7.575250258771905054e-01 9.244558187138280019e-27
8.119844993184008874e-01 1.527930977524200690e-28
8.703591361485165656e-01 1.518409063051634711e-30
9.329304026284677143e-01 8.620548057277557118e-33
1.000000000000000000e+00 2.643100495227220507e-35
