#  Posterior distribution for f, given N = 10.0 radio-detected PBHs. PBH Mass: 100M_sun
# M_sunPrior: jeffreys
#  Columns: f, P(f|N)
# 
9.999999999999999547e-07 1.943631107372756572e+00
1.013925407558814200e-06 1.971384891070753653e+00
1.028044732093309784e-06 1.999713460861728187e+00
1.042360673976401061e-06 2.028632292906907608e+00
1.056875971184804981e-06 2.058157357386341868e+00
1.071593399822671139e-06 2.088305136385282701e+00
1.086515774652537176e-06 2.119092642549381011e+00
1.101645949633656974e-06 2.150537438516316069e+00
1.116986818467822540e-06 2.182657657059809075e+00
1.132541315152812586e-06 2.215472022104682193e+00
1.148312414543511196e-06 2.248999870633058507e+00
1.164303132920875528e-06 2.283261175457820258e+00
1.180516528568805485e-06 2.318276568922236436e+00
1.196955702359042833e-06 2.354067367582991288e+00
1.213623798344241863e-06 2.390655597945093636e+00
1.230524004359261563e-06 2.428064023278571515e+00
1.247659552630868398e-06 2.466316171520753109e+00
1.265033720395903716e-06 2.505436364343199607e+00
1.282649830528059960e-06 2.545449747511305372e+00
1.300511252173409911e-06 2.586382322471932227e+00
1.318621401394748467e-06 2.628260979260357733e+00
1.336983741824945150e-06 2.671113530930135038e+00
1.355601785329368979e-06 2.714968749305819440e+00
1.374479092677536677e-06 2.759856402376438478e+00
1.393619274224143468e-06 2.805807293248775647e+00
1.413025990599533632e-06 2.852853300818745996e+00
1.432702953409829350e-06 2.901027422195654015e+00
1.452653925946781160e-06 2.950363816972413122e+00
1.472882723907501804e-06 3.000897853446989672e+00
1.493393216124253301e-06 3.052666156853061974e+00
1.514189325304352035e-06 3.105706659744066123e+00
1.535275028780421201e-06 3.160058654581607840e+00
1.556654359271061967e-06 3.215762848676287256e+00
1.578331405652116571e-06 3.272861421586510389e+00
1.600310313738701654e-06 3.331398085043907997e+00
1.622595287078087214e-06 3.391418145591440947e+00
1.645190587753660682e-06 3.452968570119949732e+00
1.668100537200059127e-06 3.516098054233601555e+00
1.691329517029647040e-06 3.580857093789095114e+00
1.714881969870540874e-06 3.647298059721807206e+00
1.738762400216250434e-06 3.715475276249865288e+00
1.762975375287203917e-06 3.785445102715527810e+00
1.787525525904235397e-06 3.857266019131392554e+00
1.812417547374235695e-06 3.930998715680674493e+00
1.837656200388172474e-06 4.006706186501404865e+00
1.863246311931559818e-06 4.084453827687445582e+00
1.889192776207664423e-06 4.164309539918538583e+00
1.915500555573527830e-06 4.246343835971388536e+00
1.942174681489024486e-06 4.330629953171295732e+00
1.969220255479173340e-06 4.417243971276026748e+00
1.996642450109793374e-06 4.506264935903789848e+00
2.024446509976801877e-06 4.597774987777675904e+00
2.052637752709252226e-06 4.691859498249952409e+00
2.081221569986337122e-06 4.788607211294521271e+00
2.110203428568596572e-06 4.888110392266281856e+00
2.139588871343421664e-06 4.990464983909459029e+00
2.169383518385181950e-06 5.095770769914824250e+00
2.199593068030074676e-06 5.204131546419451304e+00
2.230223297965936432e-06 5.315655301922813436e+00
2.261280066337279372e-06 5.430454405927957140e+00
2.292769312865648563e-06 5.548645806904513478e+00
2.324697059985650290e-06 5.670351240081287436e+00
2.357069413996727979e-06 5.795697445444242035e+00
2.389892566231047836e-06 5.924816396515080186e+00
2.423172794237600507e-06 6.057845540723032940e+00
2.456916462982790237e-06 6.194928051635169020e+00
2.491130026067791046e-06 6.336213093875893598e+00
2.525820026962784695e-06 6.481856101497968758e+00
2.560993100258456944e-06 6.632019070245105397e+00
2.596655972934872394e-06 6.786870864836764383e+00
2.632815465648020122e-06 6.946587541805850030e+00
2.669478494034323617e-06 7.111352688784604581e+00
2.706652070033241224e-06 7.281357781265298534e+00
2.744343303228362398e-06 7.456802557624693684e+00
2.782559402207125977e-06 7.637895413551833990e+00
2.821307675939470909e-06 7.824853816971681475e+00
2.860595535175744707e-06 8.017904744352229329e+00
2.900430493863991580e-06 8.217285139916947756e+00
2.940820170587060722e-06 8.423242398780654838e+00
2.981772290019673234e-06 8.636034875441440661e+00
3.023294684405776334e-06 8.855932419191125504e+00
3.065395295056530018e-06 9.083216937487017972e+00
3.108082173869063814e-06 9.318182989542231454e+00
3.151363484866476280e-06 9.561138411306103535e+00
3.195247505759213607e-06 9.812404973628309435e+00
3.239742629528195378e-06 1.007231907601008203e+01
3.284857366030047033e-06 1.034123247725101002e+01
3.330600343624588548e-06 1.061951306555026164e+01
3.376980310825087979e-06 1.090754567034862710e+01
3.424006137971425541e-06 1.120573291793164294e+01
3.471686818926559579e-06 1.151449613365873681e+01
3.520031472796682339e-06 1.183427629345768040e+01
3.569049345675229473e-06 1.216553502726103630e+01
3.618749812411276882e-06 1.250875567738145477e+01
3.669142378402493899e-06 1.286444441527442173e+01
3.720236681413065725e-06 1.323313141997089915e+01
3.772042493417001451e-06 1.361537212163222677e+01
3.824569722466998750e-06 1.401174851393014364e+01
3.877828414589453094e-06 1.442287053982564338e+01
3.931828755705770305e-06 1.484937755476002863e+01
3.986581073580438997e-06 1.529193987126535959e+01
4.042095839796309714e-06 1.575126039058771532e+01
4.098383671757261184e-06 1.622807632634901154e+01
4.155455334718879651e-06 1.672316102524766279e+01
4.213321743847289341e-06 1.723732589075492783e+01
4.271993966306776970e-06 1.777142241609029938e+01
4.331483223376402566e-06 1.832634433299411825e+01
4.391800892596086187e-06 1.890302988277209550e+01
4.452958509942660131e-06 1.950246421736606450e+01
4.514967772036101769e-06 2.012568193812914785e+01
4.577840538376616169e-06 2.077376978028149423e+01
4.641588833612781958e-06 2.144786945237193976e+01
4.706224849841281354e-06 2.214918063928231007e+01
4.771760948938750521e-06 2.287896417918314995e+01
4.838209664925956952e-06 2.363854542497038835e+01
4.905583706365045857e-06 2.442931780059942426e+01
4.973895958790067320e-06 2.525274656519633254e+01
5.043159487171358525e-06 2.611037279663517907e+01
5.113387538414331605e-06 2.700381760781617757e+01
5.184593543892912765e-06 2.793478661063720381e+01
5.256791122018419569e-06 2.890507464191804843e+01
5.329994080844093235e-06 2.991657076713404706e+01
5.404216420705915271e-06 3.097126357924579310e+01
5.479472336900292930e-06 3.207124681077549155e+01
5.555776222398877724e-06 3.321872527710900158e+01
5.633142670601352205e-06 3.441602117205066236e+01
5.711586478126434863e-06 3.566558073712316457e+01
5.791122647641757912e-06 3.696998132710613305e+01
5.871766390733261702e-06 3.833193889573557556e+01
5.953533130814370033e-06 3.975431592693738025e+01
6.036438506075863713e-06 4.124012983993356585e+01
6.120498372476703066e-06 4.279256189569243674e+01
6.205728806776500758e-06 4.441496663538628553e+01
6.292146109610350494e-06 4.611088188419194722e+01
6.379766808606282652e-06 4.788403935374527975e+01
6.468607661546320942e-06 4.973837587943146588e+01
6.558685659571435694e-06 5.167804533192239091e+01
6.650018030431117999e-06 5.370743124332527429e+01
6.742622241778348883e-06 5.583116019045284872e+01
6.836516004510238809e-06 5.805411598193057188e+01
6.931717276155400522e-06 6.038145469681357724e+01
7.028244264308352554e-06 6.281862062578186823e+01
7.126115430111745365e-06 6.537136317006081754e+01
7.225349491787221566e-06 6.804575475436216436e+01
7.325965428215230423e-06 7.084820981398202377e+01
7.427982482564910469e-06 7.378550492077796719e+01
7.531420165974375663e-06 7.686480011521422284e+01
7.636298261282241959e-06 8.009366151582698024e+01
7.742636826811276894e-06 8.348008528045750154e+01
7.850456200204509316e-06 8.703252299897935984e+01
7.959777002314978321e-06 9.075990860126077564e+01
8.070620141149507638e-06 9.467168686728338400e+01
8.183006815867388940e-06 9.877784363265477907e+01
8.296958520834915102e-06 1.030889377854103230e+02
8.412497049736117495e-06 1.076161351596973219e+02
8.529644499741016815e-06 1.123712444280710514e+02
8.648423275731726255e-06 1.173667551089829715e+02
8.768856094587426870e-06 1.226158778054331577e+02
8.890965989529167165e-06 1.281325867999046579e+02
9.014776314524917239e-06 1.339316651333979280e+02
9.140310748756222539e-06 1.400287522999863086e+02
9.267593301146882451e-06 1.464403947048348300e+02
9.396648314954690500e-06 1.531840990248740866e+02
9.527500472427300024e-06 1.602783886286644872e+02
9.660174799522645609e-06 1.677428632105103645e+02
9.794696670695385670e-06 1.755982618037883185e+02
9.931091813749799848e-06 1.838665293460487931e+02
1.006938631476027116e-05 1.925708869641273679e+02
1.020960662306047607e-05 2.017359061660933151e+02
1.035177955630176194e-05 2.113875871126458037e+02
1.049593230558226690e-05 2.215534411865822051e+02
1.064209244064724650e-05 2.322625780121619812e+02
1.079028791516183681e-05 2.435457971464504112e+02
1.094054707205743495e-05 2.554356846581695208e+02
1.109289864895222712e-05 2.679667147428858129e+02
1.124737178364750747e-05 2.811753566386599346e+02
1.140399601970033156e-05 2.951001869865668823e+02
1.156280131207375302e-05 3.097820078683209317e+02
1.172381803286599682e-05 3.252639707280908397e+02
1.188707697711903343e-05 3.415917063228017696e+02
1.205260936870841401e-05 3.588134609172486762e+02
1.222044686631488650e-05 3.769802388791915746e+02
1.239062156947915659e-05 3.961459518641976842e+02
1.256316602474121465e-05 4.163675746874262131e+02
1.273811323186478452e-05 4.377053080276022570e+02
1.291549665014882683e-05 4.602227480747698678e+02
1.309535020482667643e-05 4.839870631509683676e+02
1.327770829355429101e-05 5.090691774046632077e+02
1.346260579298911035e-05 5.355439615269696105e+02
1.365007806546013744e-05 5.634904304674236073e+02
1.384016096573130180e-05 5.929919480449455023e+02
1.403289084785873161e-05 6.241364382701660816e+02
1.422830457214351858e-05 6.570166032517421399e+02
1.442643951218158844e-05 6.917301472960350566e+02
1.462733356201129868e-05 7.283800068321276058e+02
1.483102514336102853e-05 7.670745857409932569e+02
1.503755321299738461e-05 8.079279954187795738e+02
1.524695727017572978e-05 8.510602989604658433e+02
1.545927736419478539e-05 8.965977585984888947e+02
1.567455410205594862e-05 9.446730853474417700e+02
1.589282865622976477e-05 9.954256897797797592e+02
1.611414277253019959e-05 1.049001932631941372e+03
1.633853877809860416e-05 1.105555373660974283e+03
1.656605958949915094e-05 1.165247016982640844e+03
1.679674872092653225e-05 1.228245551078169456e+03
1.703065029252842484e-05 1.294727581118978605e+03
1.726780903884356100e-05 1.364877851081236486e+03
1.750827031735723228e-05 1.438889453049078384e+03
1.775208011717636033e-05 1.516964020386171342e+03
1.799928506782476521e-05 1.599311901367356995e+03
1.824993244816150412e-05 1.686152309596441455e+03
1.850407019542302264e-05 1.777713446914750421e+03
1.876174691439119540e-05 1.874232594042844312e+03
1.902301188668945850e-05 1.975956164105739390e+03
1.928791508020777896e-05 2.083139713447742452e+03
1.955650715865946999e-05 2.196047903787846735e+03
1.982883949127071257e-05 2.314954409240719542e+03
2.010496416260496873e-05 2.437949216196398083e+03
2.038493398252464128e-05 2.564764300359097433e+03
2.066880249629082024e-05 2.697630311802644428e+03
2.095662399480430758e-05 2.837109926831580651e+03
2.124845352498882828e-05 2.983481773899966811e+03
2.154434690031882321e-05 3.137030267895480392e+03
2.184436071149428344e-05 3.298045024602993635e+03
2.214855233726359179e-05 3.466820175108612602e+03
2.245697995539771554e-05 3.643653571995092534e+03
2.276970255381680078e-05 3.828845878723497663e+03
2.308677994187167203e-05 4.022699533155614063e+03
2.340827276178294449e-05 4.225517576422724233e+03
2.373424250023866352e-05 4.437602337821602305e+03
2.406475150015421866e-05 4.659253966733672314e+03
2.439986297259550131e-05 4.890768802718326697e+03
2.473964100886811809e-05 5.132437574699310062e+03
2.508415059277541105e-05 5.384543421089169897e+03
2.543345761304648090e-05 5.647359722816469912e+03
2.578762887593798400e-05 5.921147742062081306e+03
2.614673211801091967e-05 6.206154060299771118e+03
2.651083601908536211e-05 6.502607810461846384e+03
2.688001021537607461e-05 6.810717699168758372e+03
2.725432531281027978e-05 7.130668816517913001e+03
2.763385290053166867e-05 7.462619233355911092e+03
2.801866556459195316e-05 7.806696386922450074e+03
2.840883690183301088e-05 8.162993259329310604e+03
2.880444153396297702e-05 8.531564355827256804e+03
2.920555512182745176e-05 8.912421492234092511e+03
2.961225437988031288e-05 9.305529405565426714e+03
3.002461709085549186e-05 9.710801204752158810e+03
3.044272212064305779e-05 1.012809368283166077e+04
3.086664943337274645e-05 1.055720251703542453e+04
3.129648010670750265e-05 1.099785738715344633e+04
3.173229634734972955e-05 1.144971704888137174e+04
3.217418150676371437e-05 1.191236440342143942e+04
3.262222009711673420e-05 1.238530161104216859e+04
3.307649780744242331e-05 1.286794530202915848e+04
3.353710152002928861e-05 1.335962194428836847e+04
3.400411932703702948e-05 1.385956343403395113e+04
3.447764054734463976e-05 1.436690298100149994e+04
3.495775574363278547e-05 1.488067136611321439e+04
3.544455673970435463e-05 1.539979365554829747e+04
3.593813663804625562e-05 1.592308645977310516e+04
3.643858983763540501e-05 1.644925583170995014e+04
3.694601205199302477e-05 1.697689590133529418e+04
3.746050032748996612e-05 1.750448834745202839e+04
3.798215306190736308e-05 1.803040280963453552e+04
3.851107002325568519e-05 1.855289834285331017e+04
3.904735236885555739e-05 1.907012601724091655e+04
3.959110266468458876e-05 1.958013276220362604e+04
4.014242490499325976e-05 2.008086654914546671e+04
4.070142453219438740e-05 2.057018300032234765e+04
4.126820845702951608e-05 2.104585350093685702e+04
4.184288507901584570e-05 2.150557488079107861e+04
4.242556430717776958e-05 2.194698071581676049e+04
4.301635758106799609e-05 2.236765428231775513e+04
4.361537789208005635e-05 2.276514317666375064e+04
4.422273980505896747e-05 2.313697558874286915e+04
4.483855948021190816e-05 2.348067819157862687e+04
4.546295469532399562e-05 2.379379558057823670e+04
4.609604486828438810e-05 2.407391116416612567e+04
4.673795107992463778e-05 2.431866937326372863e+04
4.738879609717651056e-05 2.452579902321743430e+04
4.804870439655133953e-05 2.469313762414914891e+04
4.871780218794630613e-05 2.481865639901768736e+04
4.939621743878325959e-05 2.490048573254267467e+04
5.008407989848212116e-05 2.493644356507834527e+04
5.078152112327670659e-05 2.492513335654672846e+04
5.148867450137497919e-05 2.486630743830387655e+04
5.220567527846975100e-05 2.475941107410101176e+04
5.293266058360566627e-05 2.460376682022691239e+04
5.366976945540475778e-05 2.439898627751210734e+04
5.441714286865887681e-05 2.414498731885821690e+04
5.517492376129128718e-05 2.384200873554915233e+04
5.594325706169377268e-05 2.349062190293985987e+04
5.672228971644549213e-05 2.309173908544452934e+04
5.751217071841613668e-05 2.264661803062692343e+04
5.831305113526218489e-05 2.215686254357088910e+04
5.912508413831881030e-05 2.162441878247161731e+04
5.994842503189408905e-05 2.105156707825949707e+04
6.078323128297236501e-05 2.044090915054295328e+04
6.162966255132942199e-05 1.979535067175428048e+04
6.248788072006888211e-05 1.911807921900564907e+04
6.335804992658254750e-05 1.841253774329193038e+04
6.424033659394190888e-05 1.768239378371966086e+04
6.513490946272809873e-05 1.693150475214648395e+04
6.604193962330304700e-05 1.616387971043553625e+04
6.696160054853215278e-05 1.538363815509202323e+04
6.789406812696112826e-05 1.459496641156767873e+04
6.883952069645495682e-05 1.380207231893137941e+04
6.979813907830667650e-05 1.300913894807876568e+04
7.077010661181888922e-05 1.222027814868382120e+04
7.175560918936921718e-05 1.143948475289550152e+04
7.275483529196232206e-05 1.067059227460623515e+04
7.376797602527730984e-05 9.917230937935230031e+03
7.479522515621828658e-05 9.182788838129165015e+03
7.583677914997190089e-05 8.470376984653186810e+03
7.689283720758305352e-05 7.782798904941803812e+03
7.796360130405236585e-05 7.122525393176208127e+03
7.904927622696420267e-05 6.491674875879586580e+03
8.015006961565413965e-05 5.891999739750854133e+03
8.126619200091945365e-05 5.324878828169225926e+03
8.239785684528511741e-05 4.791316166374685054e+03
8.354528058382871408e-05 4.291945825635947585e+03
8.470868266557402936e-05 3.827042688465443916e+03
8.588828559546259111e-05 3.396538736302976758e+03
8.708431497690723578e-05 3.000044350608488912e+03
8.829699955494083421e-05 2.636874004023460657e+03
8.952657125996401179e-05 2.306075624362146755e+03
9.077326525210223113e-05 2.006462842117819946e+03
9.203731996618230639e-05 1.736649285831207180e+03
9.331897715733238812e-05 1.495084070243844053e+03
9.461848194721991974e-05 1.280087628806692919e+03
9.593608287093146887e-05 1.089887074900654852e+03
9.727203192450537027e-05 9.226503337420284652e+02
9.862658461312830713e-05 7.765183647848527926e+02
1.000000000000000048e-04 6.493062120228822778e+02
1.013925407558815276e-04 5.389971391477241696e+02
1.028044732093309733e-04 4.443096289597736472e+02
1.042360673976401179e-04 3.638668047622691688e+02
1.056875971184803998e-04 2.960015816286650647e+02
1.071593399822671198e-04 2.391535114908206197e+02
1.086515774652538379e-04 1.918782186041160571e+02
1.101645949633656949e-04 1.528532243337168381e+02
1.116986818467822557e-04 1.208804647354858588e+02
1.132541315152811519e-04 9.488586921680504815e+01
1.148312414543511137e-04 7.391641337219711261e+01
1.164303132920876748e-04 5.713508373347319491e+01
1.180516528568805612e-04 4.381419791897324245e+01
1.196955702359042841e-04 3.332751238095217161e+01
1.213623798344240533e-04 2.514152435824644982e+01
1.230524004359261579e-04 1.880633739084876055e+01
1.247659552630869643e-04 1.394641411548005294e+01
1.265033720395903835e-04 1.025148922464618551e+01
1.282649830528059917e-04 7.467862387259426526e+00
1.300511252173408420e-04 5.390238336312178191e+00
1.318621401394748458e-04 3.854231417445848518e+00
1.336983741824946607e-04 2.729606527856934584e+00
1.355601785329368979e-04 1.914288781830836061e+00
1.374479092677536609e-04 1.329141135385289108e+00
1.393619274224142113e-04 9.134829353198586910e-01
1.413025990599533599e-04 6.213027328699384233e-01
1.432702953409830901e-04 4.181052987577969504e-01
1.452653925946781202e-04 2.783248833189032601e-01
1.472882723907501770e-04 1.832335425570247867e-01
1.493393216124251827e-04 1.192738776058516748e-01
1.514189325304352018e-04 7.674889711329881126e-02
1.535275028780422768e-04 4.880705193562077937e-02
1.556654359271062154e-04 3.066704597912108671e-02
1.578331405652118053e-04 1.903415708014013011e-02
1.600310313738700137e-04 1.166699874298519728e-02
1.622595287078087002e-04 7.060540340158574617e-03
1.645190587753662351e-04 4.217523328126519810e-03
1.668100537200059119e-04 2.486012203455528150e-03
1.691329517029648683e-04 1.445634793494914418e-03
1.714881969870539155e-04 8.290958780666464814e-04
1.738762400216250527e-04 4.688358951186473011e-04
1.762975375287205730e-04 2.613267169413791870e-04
1.787525525904235457e-04 1.435384762487199517e-04
1.812417547374237711e-04 7.766884673158678479e-05
1.837656200388170424e-04 4.138943843396359956e-05
1.863246311931559835e-04 2.171521702188224058e-05
1.889192776207666380e-04 1.121337149702276943e-05
1.915500555573527931e-04 5.697294376190085625e-06
1.942174681489026468e-04 2.847226913455168544e-06
1.969220255479171443e-04 1.399118597113144216e-06
1.996642450109793374e-04 6.756189950313257315e-07
2.024446509976803791e-04 3.202440755341783896e-07
2.052637752709252192e-04 1.489517548036260063e-07
2.081221569986339392e-04 6.802155582071780310e-08
2.110203428568594353e-04 3.048789064246413364e-08
2.139588871343421563e-04 1.340691123639995748e-08
2.169383518385184322e-04 5.782137791764582555e-09
2.199593068030074913e-04 2.444789060048968412e-09
2.230223297965938634e-04 1.013023591364598150e-09
2.261280066337277204e-04 4.111988468075597901e-10
2.292769312865648647e-04 1.634422299290161819e-10
2.324697059985647986e-04 6.358863821122833636e-11
2.357069413996727843e-04 2.420567820580625464e-11
2.389892566231050343e-04 9.011433604534720603e-12
2.423172794237598237e-04 3.279612725126057353e-12
2.456916462982790305e-04 1.166307574957742217e-12
2.491130026067788590e-04 4.051090213663151933e-13
2.525820026962784779e-04 1.373731947412903634e-13
2.560993100258459536e-04 4.545721469148994770e-14
2.596655972934869836e-04 1.467135719683235817e-14
2.632815465648020189e-04 4.616328242432250786e-15
2.669478494034321025e-04 1.415371921389034970e-15
2.706652070033241072e-04 4.226460316991228688e-16
2.744343303228365160e-04 1.228559909267226519e-16
2.782559402207125773e-04 3.474611971194608442e-17
2.821307675939470740e-04 9.556081770022416436e-18
2.860595535175741895e-04 2.554383440179722706e-18
2.900430493863991868e-04 6.632694923069219765e-19
2.940820170587063703e-04 1.672062439575983179e-19
2.981772290019673471e-04 4.090063854008403697e-20
3.023294684405776131e-04 9.702308530228179576e-21
3.065395295056526901e-04 2.230670060925582343e-21
3.108082173869063645e-04 4.967687331302406373e-22
3.151363484866479448e-04 1.070953619049642612e-22
3.195247505759213607e-04 2.233668750755200852e-23
3.239742629528195514e-04 4.504307738680275169e-24
3.284857366030043374e-04 8.776537319599781160e-25
3.330600343624588820e-04 1.651292529132921559e-25
3.376980310825091164e-04 2.998094506979487712e-26
3.424006137971425897e-04 5.249245466527894136e-27
3.471686818926559680e-04 8.856932376759358314e-28
3.520031472796678832e-04 1.439143320976018949e-28
3.569049345675229896e-04 2.250365667721930442e-29
3.618749812411280490e-04 3.383912367753838783e-30
3.669142378402493712e-04 4.889733749352866632e-31
3.720236681413065759e-04 6.784672961520316051e-32
3.772042493416997554e-04 9.032792443819029825e-33
3.824569722466999088e-04 1.153003294555434080e-33
3.877828414589457430e-04 1.409985225038970201e-34
3.931828755705770373e-04 1.650547991214592542e-35
3.986581073580438726e-04 1.848073785315599916e-36
4.042095839796305953e-04 1.977560474692399573e-37
4.098383671757261184e-04 2.020668155112452176e-38
4.155455334718875077e-04 1.969899150711895888e-39
4.213321743847288901e-04 1.830624372660950127e-40
4.271993966306776428e-04 1.620229644225212476e-41
4.331483223376398229e-04 1.364536236246653104e-42
4.391800892596086085e-04 1.092513843229877317e-43
4.452958509942655184e-04 8.308017985998540546e-45
4.514967772036101870e-04 5.994937240900299795e-46
4.577840538376616304e-04 4.100808615577674328e-47
4.641588833612777317e-04 2.656596453248127144e-48
4.706224849841281286e-04 1.628242279844672472e-49
4.771760948938746048e-04 9.432099368491244593e-51
4.838209664925957392e-04 5.158749696722712994e-52
4.905583706365045484e-04 2.661155901190338083e-53
4.973895958790062848e-04 1.293435596969988044e-54
5.043159487171358559e-04 5.925960658042553640e-56
5.113387538414325981e-04 2.575257116579644279e-57
5.184593543892913273e-04 1.051349269674290279e-58
5.256791122018424686e-04 4.027587686121514896e-60
5.329994080844087509e-04 1.446148977086321042e-61
5.404216420705914865e-04 4.861171594174252068e-63
5.479472336900287170e-04 1.527952400909188119e-64
5.555776222398877860e-04 4.485303285093427991e-66
5.633142670601357050e-04 1.228146069708890139e-67
5.711586478126429341e-04 3.132841016517986591e-69
5.791122647641758691e-04 7.435349287286970807e-71
5.871766390733255264e-04 1.639736809556087952e-72
5.953533130814370406e-04 3.355691987809813979e-74
6.036438506075870319e-04 6.364156241373326529e-76
6.120498372476696662e-04 1.117007375810377646e-77
6.205728806776500623e-04 1.811854292397272118e-79
6.292146109610343785e-04 2.712238011701585384e-81
6.379766808606282449e-04 3.741488968676659459e-83
6.468607661546327617e-04 4.749386539066247307e-85
6.558685659571429020e-04 5.539370344262910041e-87
6.650018030431118507e-04 5.927282603027678023e-89
6.742622241778341904e-04 5.809711973024183485e-91
6.836516004510238267e-04 5.208076917979305784e-93
6.931717276155407569e-04 4.263169472408160782e-95
7.028244264308345507e-04 3.181391787902189427e-97
7.126115430111745839e-04 2.160807794355304208e-99
7.225349491787214518e-04 1.333529315111880938e-101
7.325965428215230456e-04 7.465127403685867579e-104
7.427982482564917787e-04 3.784150892468220027e-106
7.531420165974367972e-04 1.733931455738811735e-108
7.636298261282241416e-04 7.168866746121780065e-111
7.742636826811269846e-04 2.669524920966253733e-113
7.850456200204509452e-04 8.936734513755931425e-116
7.959777002314985571e-04 2.684529423238724255e-118
8.070620141149498694e-04 7.222228735853862432e-121
8.183006815867389754e-04 1.736774612624530048e-123
8.296958520834906564e-04 3.725856080411479555e-126
8.412497049736117902e-04 7.116163653594075528e-129
8.529644499741025759e-04 1.207578142906053554e-131
8.648423275731718192e-04 1.816901520645523155e-134
8.768856094587426870e-04 2.418670009798296288e-137
8.890965989529158288e-04 2.842613691753440062e-140
9.014776314524917782e-04 2.943109108064778632e-143
9.140310748756232161e-04 2.678413474320349577e-146
9.267593301146882789e-04 2.137720610724725811e-149
9.396648314954690433e-04 1.492895045245911485e-152
9.527500472427289724e-04 9.101205312428177001e-156
9.660174799522645676e-04 4.832025541047142878e-159
9.794696670695395360e-04 2.228806564489569967e-162
9.931091813749799713e-04 8.909699884912587979e-166
1.006938631476027041e-03 3.079060626162877341e-169
1.020960662306046604e-03 9.175647972810088045e-173
1.035177955630176309e-03 2.351793067559005382e-176
1.049593230558227598e-03 5.170912605871542026e-180
1.064209244064724582e-03 9.727112417277380559e-184
1.079028791516183647e-03 1.561251867282821979e-187
1.094054707205742438e-03 2.132251261087363036e-191
1.109289864895222780e-03 2.470952188181482363e-195
1.124737178364752007e-03 2.422784666785573711e-199
1.140399601970033122e-03 2.004163801464959236e-203
1.156280131207375458e-03 1.394575600540646415e-207
1.172381803286598597e-03 8.138468158595525924e-212
1.188707697711903228e-03 3.971136100453684692e-216
1.205260936870842505e-03 1.615162394764190487e-220
1.222044686631488684e-03 5.458615310898722120e-225
1.239062156947915577e-03 1.528011327077074768e-229
1.256316602474120232e-03 3.531330517617653575e-234
1.273811323186478574e-03 6.715593783452116018e-239
1.291549665014883998e-03 1.047387830820260172e-243
1.309535020482667771e-03 1.335138587096613790e-248
1.327770829355428986e-03 1.386229161558525389e-253
1.346260579298909571e-03 1.168161241827601480e-258
1.365007806546013683e-03 7.961108294077921798e-264
1.384016096573131502e-03 4.371851620007682080e-269
1.403289084785873256e-03 1.927393809961694137e-274
1.422830457214352027e-03 6.796011787240084911e-280
1.442643951218157373e-03 1.909215104219602426e-285
1.462733356201129922e-03 4.256804457313561793e-291
1.483102514336104337e-03 7.502807346237664859e-297
1.503755321299738400e-03 1.041189974858474983e-302
1.524695727017573053e-03 1.132995815656680735e-308
1.545927736419476940e-03 9.627562268495834807e-315
1.567455410205594903e-03 0.000000000000000000e+00
1.589282865622978049e-03 0.000000000000000000e+00
1.611414277253019837e-03 0.000000000000000000e+00
1.633853877809862123e-03 0.000000000000000000e+00
1.656605958949913414e-03 0.000000000000000000e+00
1.679674872092653225e-03 0.000000000000000000e+00
1.703065029252844422e-03 0.000000000000000000e+00
1.726780903884356060e-03 0.000000000000000000e+00
1.750827031735725098e-03 0.000000000000000000e+00
1.775208011717634149e-03 0.000000000000000000e+00
1.799928506782476562e-03 0.000000000000000000e+00
1.824993244816152391e-03 0.000000000000000000e+00
1.850407019542302115e-03 0.000000000000000000e+00
1.876174691439121437e-03 0.000000000000000000e+00
1.902301188668943871e-03 0.000000000000000000e+00
1.928791508020777801e-03 0.000000000000000000e+00
1.955650715865949168e-03 0.000000000000000000e+00
1.982883949127071596e-03 0.000000000000000000e+00
2.010496416260499231e-03 0.000000000000000000e+00
2.038493398252461987e-03 0.000000000000000000e+00
2.066880249629082268e-03 0.000000000000000000e+00
2.095662399480432980e-03 0.000000000000000000e+00
2.124845352498882720e-03 0.000000000000000000e+00
2.154434690031884272e-03 0.000000000000000000e+00
2.184436071149426298e-03 0.000000000000000000e+00
2.214855233726359396e-03 0.000000000000000000e+00
2.245697995539773940e-03 0.000000000000000000e+00
2.276970255381679901e-03 0.000000000000000000e+00
2.308677994187169520e-03 0.000000000000000000e+00
2.340827276178291793e-03 0.000000000000000000e+00
2.373424250023866040e-03 0.000000000000000000e+00
2.406475150015424062e-03 0.000000000000000000e+00
2.439986297259550199e-03 0.000000000000000000e+00
2.473964100886814031e-03 0.000000000000000000e+00
2.508415059277538557e-03 0.000000000000000000e+00
2.543345761304648036e-03 0.000000000000000000e+00
2.578762887593801043e-03 0.000000000000000000e+00
2.614673211801091940e-03 0.000000000000000000e+00
2.651083601908538895e-03 0.000000000000000000e+00
2.688001021537604791e-03 0.000000000000000000e+00
2.725432531281027707e-03 0.000000000000000000e+00
2.763385290053169997e-03 0.000000000000000000e+00
2.801866556459195207e-03 0.000000000000000000e+00
2.840883690183303948e-03 0.000000000000000000e+00
2.880444153396298067e-03 0.000000000000000000e+00
2.920555512182745027e-03 0.000000000000000000e+00
2.961225437988034351e-03 0.000000000000000000e+00
3.002461709085549064e-03 0.000000000000000000e+00
3.044272212064302961e-03 0.000000000000000000e+00
3.086664943337274428e-03 0.000000000000000000e+00
3.129648010670750373e-03 0.000000000000000000e+00
3.173229634734976452e-03 0.000000000000000000e+00
3.217418150676371654e-03 0.000000000000000000e+00
3.262222009711669788e-03 0.000000000000000000e+00
3.307649780744242440e-03 0.000000000000000000e+00
3.353710152002928671e-03 0.000000000000000000e+00
3.400411932703706255e-03 0.000000000000000000e+00
3.447764054734464220e-03 0.000000000000000000e+00
3.495775574363275268e-03 0.000000000000000000e+00
3.544455673970435625e-03 0.000000000000000000e+00
3.593813663804625805e-03 0.000000000000000000e+00
3.643858983763544404e-03 0.000000000000000000e+00
3.694601205199302477e-03 0.000000000000000000e+00
3.746050032748993088e-03 0.000000000000000000e+00
3.798215306190736145e-03 0.000000000000000000e+00
3.851107002325568872e-03 0.000000000000000000e+00
3.904735236885560103e-03 0.000000000000000000e+00
3.959110266468458469e-03 0.000000000000000000e+00
4.014242490499322046e-03 0.000000000000000000e+00
4.070142453219439092e-03 0.000000000000000000e+00
4.126820845702951907e-03 0.000000000000000000e+00
4.184288507901580585e-03 0.000000000000000000e+00
4.242556430717777174e-03 0.000000000000000000e+00
4.301635758106795056e-03 0.000000000000000000e+00
4.361537789208005771e-03 0.000000000000000000e+00
4.422273980505896963e-03 0.000000000000000000e+00
4.483855948021185991e-03 0.000000000000000000e+00
4.546295469532399616e-03 0.000000000000000000e+00
4.609604486828434121e-03 0.000000000000000000e+00
4.673795107992463616e-03 0.000000000000000000e+00
4.738879609717651029e-03 0.000000000000000000e+00
4.804870439655129291e-03 0.000000000000000000e+00
4.871780218794630885e-03 0.000000000000000000e+00
4.939621743878320863e-03 0.000000000000000000e+00
5.008407989848212387e-03 0.000000000000000000e+00
5.078152112327670442e-03 0.000000000000000000e+00
5.148867450137492065e-03 0.000000000000000000e+00
5.220567527846975073e-03 0.000000000000000000e+00
5.293266058360561639e-03 0.000000000000000000e+00
5.366976945540476510e-03 0.000000000000000000e+00
5.441714286865893292e-03 0.000000000000000000e+00
5.517492376129123216e-03 0.000000000000000000e+00
5.594325706169377133e-03 0.000000000000000000e+00
5.672228971644543115e-03 0.000000000000000000e+00
5.751217071841613696e-03 0.000000000000000000e+00
5.831305113526225048e-03 0.000000000000000000e+00
5.912508413831875365e-03 0.000000000000000000e+00
5.994842503189408769e-03 0.000000000000000000e+00
6.078323128297229670e-03 0.000000000000000000e+00
6.162966255132942307e-03 0.000000000000000000e+00
6.248788072006894283e-03 0.000000000000000000e+00
6.335804992658247703e-03 0.000000000000000000e+00
6.424033659394191159e-03 0.000000000000000000e+00
6.513490946272802555e-03 0.000000000000000000e+00
6.604193962330305243e-03 0.000000000000000000e+00
6.696160054853222271e-03 0.000000000000000000e+00
6.789406812696105291e-03 0.000000000000000000e+00
6.883952069645496441e-03 0.000000000000000000e+00
6.979813907830660115e-03 0.000000000000000000e+00
7.077010661181889518e-03 0.000000000000000000e+00
7.175560918936928385e-03 0.000000000000000000e+00
7.275483529196225159e-03 0.000000000000000000e+00
7.376797602527730875e-03 0.000000000000000000e+00
7.479522515621821015e-03 0.000000000000000000e+00
7.583677914997190468e-03 0.000000000000000000e+00
7.689283720758313158e-03 0.000000000000000000e+00
7.796360130405228725e-03 0.000000000000000000e+00
7.904927622696419562e-03 0.000000000000000000e+00
8.015006961565405291e-03 0.000000000000000000e+00
8.126619200091946341e-03 0.000000000000000000e+00
8.239785684528520143e-03 0.000000000000000000e+00
8.354528058382862735e-03 0.000000000000000000e+00
8.470868266557402340e-03 0.000000000000000000e+00
8.588828559546249353e-03 0.000000000000000000e+00
8.708431497690724554e-03 0.000000000000000000e+00
8.829699955494091715e-03 0.000000000000000000e+00
8.952657125996391421e-03 0.000000000000000000e+00
9.077326525210224414e-03 0.000000000000000000e+00
9.203731996618221695e-03 0.000000000000000000e+00
9.331897715733238757e-03 0.000000000000000000e+00
9.461848194722002545e-03 0.000000000000000000e+00
9.593608287093146128e-03 0.000000000000000000e+00
9.727203192450536648e-03 0.000000000000000000e+00
9.862658461312821118e-03 0.000000000000000000e+00
1.000000000000000021e-02 0.000000000000000000e+00
1.013925407558814371e-02 0.000000000000000000e+00
1.028044732093309765e-02 0.000000000000000000e+00
1.042360673976401239e-02 0.000000000000000000e+00
1.056875971184804974e-02 0.000000000000000000e+00
1.071593399822671176e-02 0.000000000000000000e+00
1.086515774652537306e-02 0.000000000000000000e+00
1.101645949633657008e-02 0.000000000000000000e+00
1.116986818467822530e-02 0.000000000000000000e+00
1.132541315152812630e-02 0.000000000000000000e+00
1.148312414543511094e-02 0.000000000000000000e+00
1.164303132920875561e-02 0.000000000000000000e+00
1.180516528568805595e-02 0.000000000000000000e+00
1.196955702359042868e-02 0.000000000000000000e+00
1.213623798344241715e-02 0.000000000000000000e+00
1.230524004359261590e-02 0.000000000000000000e+00
1.247659552630868418e-02 0.000000000000000000e+00
1.265033720395903824e-02 0.000000000000000000e+00
1.282649830528059809e-02 0.000000000000000000e+00
1.300511252173409786e-02 0.000000000000000000e+00
1.318621401394748545e-02 0.000000000000000000e+00
1.336983741824945317e-02 0.000000000000000000e+00
1.355601785329368925e-02 0.000000000000000000e+00
1.374479092677536630e-02 0.000000000000000000e+00
1.393619274224143501e-02 0.000000000000000000e+00
1.413025990599533696e-02 0.000000000000000000e+00
1.432702953409829491e-02 0.000000000000000000e+00
1.452653925946781159e-02 0.000000000000000000e+00
1.472882723907501835e-02 0.000000000000000000e+00
1.493393216124253367e-02 0.000000000000000000e+00
1.514189325304352018e-02 0.000000000000000000e+00
1.535275028780421110e-02 0.000000000000000000e+00
1.556654359271062056e-02 0.000000000000000000e+00
1.578331405652116590e-02 0.000000000000000000e+00
1.600310313738701612e-02 0.000000000000000000e+00
1.622595287078087284e-02 0.000000000000000000e+00
1.645190587753660866e-02 0.000000000000000000e+00
1.668100537200059227e-02 0.000000000000000000e+00
1.691329517029646970e-02 0.000000000000000000e+00
1.714881969870540868e-02 0.000000000000000000e+00
1.738762400216250364e-02 0.000000000000000000e+00
1.762975375287204050e-02 0.000000000000000000e+00
1.787525525904235316e-02 0.000000000000000000e+00
1.812417547374235716e-02 0.000000000000000000e+00
1.837656200388172387e-02 0.000000000000000000e+00
1.863246311931559748e-02 0.000000000000000000e+00
1.889192776207664418e-02 0.000000000000000000e+00
1.915500555573527997e-02 0.000000000000000000e+00
1.942174681489024571e-02 0.000000000000000000e+00
1.969220255479173579e-02 0.000000000000000000e+00
1.996642450109793396e-02 0.000000000000000000e+00
2.024446509976801645e-02 0.000000000000000000e+00
2.052637752709252084e-02 0.000000000000000000e+00
2.081221569986337061e-02 0.000000000000000000e+00
2.110203428568596662e-02 0.000000000000000000e+00
2.139588871343421628e-02 0.000000000000000000e+00
2.169383518385182077e-02 0.000000000000000000e+00
2.199593068030074663e-02 0.000000000000000000e+00
2.230223297965936227e-02 0.000000000000000000e+00
2.261280066337279654e-02 0.000000000000000000e+00
2.292769312865648723e-02 0.000000000000000000e+00
2.324697059985650349e-02 0.000000000000000000e+00
2.357069413996727703e-02 0.000000000000000000e+00
2.389892566231047871e-02 0.000000000000000000e+00
2.423172794237600514e-02 0.000000000000000000e+00
2.456916462982790261e-02 0.000000000000000000e+00
2.491130026067791062e-02 0.000000000000000000e+00
2.525820026962784584e-02 0.000000000000000000e+00
2.560993100258456695e-02 0.000000000000000000e+00
2.596655972934872394e-02 0.000000000000000000e+00
2.632815465648019951e-02 0.000000000000000000e+00
2.669478494034323648e-02 0.000000000000000000e+00
2.706652070033241375e-02 0.000000000000000000e+00
2.744343303228362688e-02 0.000000000000000000e+00
2.782559402207126012e-02 0.000000000000000000e+00
2.821307675939470697e-02 0.000000000000000000e+00
2.860595535175744844e-02 0.000000000000000000e+00
2.900430493863991738e-02 0.000000000000000000e+00
2.940820170587060689e-02 0.000000000000000000e+00
2.981772290019673449e-02 0.000000000000000000e+00
3.023294684405776478e-02 0.000000000000000000e+00
3.065395295056529829e-02 0.000000000000000000e+00
3.108082173869063797e-02 0.000000000000000000e+00
3.151363484866476217e-02 0.000000000000000000e+00
3.195247505759213347e-02 0.000000000000000000e+00
3.239742629528195167e-02 0.000000000000000000e+00
3.284857366030047299e-02 0.000000000000000000e+00
3.330600343624588733e-02 0.000000000000000000e+00
3.376980310825088150e-02 0.000000000000000000e+00
3.424006137971425529e-02 0.000000000000000000e+00
3.471686818926559420e-02 0.000000000000000000e+00
3.520031472796682215e-02 0.000000000000000000e+00
3.569049345675229939e-02 0.000000000000000000e+00
3.618749812411276717e-02 0.000000000000000000e+00
3.669142378402494298e-02 0.000000000000000000e+00
3.720236681413065932e-02 0.000000000000000000e+00
3.772042493417001457e-02 0.000000000000000000e+00
3.824569722466999305e-02 0.000000000000000000e+00
3.877828414589453571e-02 0.000000000000000000e+00
3.931828755705769896e-02 0.000000000000000000e+00
3.986581073580438422e-02 0.000000000000000000e+00
4.042095839796309986e-02 0.000000000000000000e+00
4.098383671757261509e-02 0.000000000000000000e+00
4.155455334718870936e-02 0.000000000000000000e+00
4.213321743847289053e-02 0.000000000000000000e+00
4.271993966306776580e-02 0.000000000000000000e+00
4.331483223376402653e-02 0.000000000000000000e+00
4.391800892596085804e-02 0.000000000000000000e+00
4.452958509942650522e-02 0.000000000000000000e+00
4.514967772036102001e-02 0.000000000000000000e+00
4.577840538376616586e-02 0.000000000000000000e+00
4.641588833612782239e-02 0.000000000000000000e+00
4.706224849841281199e-02 0.000000000000000000e+00
4.771760948938740671e-02 0.000000000000000000e+00
4.838209664925956915e-02 0.000000000000000000e+00
4.905583706365045787e-02 0.000000000000000000e+00
4.973895958790067878e-02 0.000000000000000000e+00
5.043159487171358646e-02 0.000000000000000000e+00
5.113387538414320560e-02 0.000000000000000000e+00
5.184593543892913187e-02 0.000000000000000000e+00
5.256791122018419221e-02 0.000000000000000000e+00
5.329994080844092930e-02 0.000000000000000000e+00
5.404216420705915125e-02 0.000000000000000000e+00
5.479472336900281099e-02 0.000000000000000000e+00
5.555776222398877556e-02 0.000000000000000000e+00
5.633142670601351543e-02 0.000000000000000000e+00
5.711586478126434718e-02 0.000000000000000000e+00
5.791122647641758214e-02 0.000000000000000000e+00
5.871766390733249713e-02 0.000000000000000000e+00
5.953533130814370189e-02 0.000000000000000000e+00
6.036438506075864074e-02 0.000000000000000000e+00
6.120498372476702864e-02 0.000000000000000000e+00
6.205728806776500406e-02 0.000000000000000000e+00
6.292146109610337323e-02 0.000000000000000000e+00
6.379766808606282535e-02 0.000000000000000000e+00
6.468607661546320331e-02 0.000000000000000000e+00
6.558685659571435178e-02 0.000000000000000000e+00
6.650018030431117944e-02 0.000000000000000000e+00
6.742622241778335745e-02 0.000000000000000000e+00
6.836516004510238831e-02 0.000000000000000000e+00
6.931717276155399676e-02 0.000000000000000000e+00
7.028244264308353140e-02 0.000000000000000000e+00
7.126115430111745752e-02 0.000000000000000000e+00
7.225349491787207146e-02 0.000000000000000000e+00
7.325965428215229502e-02 0.000000000000000000e+00
7.427982482564911282e-02 0.000000000000000000e+00
7.531420165974375691e-02 0.000000000000000000e+00
7.636298261282241373e-02 0.000000000000000000e+00
7.742636826811277739e-02 0.000000000000000000e+00
7.850456200204508628e-02 0.000000000000000000e+00
7.959777002314977201e-02 0.000000000000000000e+00
8.070620141149507931e-02 0.000000000000000000e+00
8.183006815867389927e-02 0.000000000000000000e+00
8.296958520834915585e-02 0.000000000000000000e+00
8.412497049736118726e-02 0.000000000000000000e+00
8.529644499741016739e-02 0.000000000000000000e+00
8.648423275731725868e-02 0.000000000000000000e+00
8.768856094587426653e-02 0.000000000000000000e+00
8.890965989529167612e-02 0.000000000000000000e+00
9.014776314524917955e-02 0.000000000000000000e+00
9.140310748756222403e-02 0.000000000000000000e+00
9.267593301146882789e-02 0.000000000000000000e+00
9.396648314954690606e-02 0.000000000000000000e+00
9.527500472427299916e-02 0.000000000000000000e+00
9.660174799522645850e-02 0.000000000000000000e+00
9.794696670695385299e-02 0.000000000000000000e+00
9.931091813749801100e-02 0.000000000000000000e+00
1.006938631476027024e-01 0.000000000000000000e+00
1.020960662306047567e-01 0.000000000000000000e+00
1.035177955630176283e-01 0.000000000000000000e+00
1.049593230558226592e-01 0.000000000000000000e+00
1.064209244064724669e-01 0.000000000000000000e+00
1.079028791516183639e-01 0.000000000000000000e+00
1.094054707205743548e-01 0.000000000000000000e+00
1.109289864895222771e-01 0.000000000000000000e+00
1.124737178364750845e-01 0.000000000000000000e+00
1.140399601970033122e-01 0.000000000000000000e+00
1.156280131207375328e-01 0.000000000000000000e+00
1.172381803286599716e-01 0.000000000000000000e+00
1.188707697711903349e-01 0.000000000000000000e+00
1.205260936870841404e-01 0.000000000000000000e+00
1.222044686631488658e-01 0.000000000000000000e+00
1.239062156947915577e-01 0.000000000000000000e+00
1.256316602474121524e-01 0.000000000000000000e+00
1.273811323186478384e-01 0.000000000000000000e+00
1.291549665014882775e-01 0.000000000000000000e+00
1.309535020482667789e-01 0.000000000000000000e+00
1.327770829355429116e-01 0.000000000000000000e+00
1.346260579298911020e-01 0.000000000000000000e+00
1.365007806546013891e-01 0.000000000000000000e+00
1.384016096573130183e-01 0.000000000000000000e+00
1.403289084785873109e-01 0.000000000000000000e+00
1.422830457214351862e-01 0.000000000000000000e+00
1.442643951218158804e-01 0.000000000000000000e+00
1.462733356201129931e-01 0.000000000000000000e+00
1.483102514336102906e-01 0.000000000000000000e+00
1.503755321299738434e-01 0.000000000000000000e+00
1.524695727017572888e-01 0.000000000000000000e+00
1.545927736419478449e-01 0.000000000000000000e+00
1.567455410205594868e-01 0.000000000000000000e+00
1.589282865622976271e-01 0.000000000000000000e+00
1.611414277253019889e-01 0.000000000000000000e+00
1.633853877809860466e-01 0.000000000000000000e+00
1.656605958949915192e-01 0.000000000000000000e+00
1.679674872092653259e-01 0.000000000000000000e+00
1.703065029252842644e-01 0.000000000000000000e+00
1.726780903884355955e-01 0.000000000000000000e+00
1.750827031735723294e-01 0.000000000000000000e+00
1.775208011717636092e-01 0.000000000000000000e+00
1.799928506782476345e-01 0.000000000000000000e+00
1.824993244816150439e-01 0.000000000000000000e+00
1.850407019542302245e-01 0.000000000000000000e+00
1.876174691439119468e-01 0.000000000000000000e+00
1.902301188668945875e-01 0.000000000000000000e+00
1.928791508020777645e-01 0.000000000000000000e+00
1.955650715865946965e-01 0.000000000000000000e+00
1.982883949127071388e-01 0.000000000000000000e+00
2.010496416260497132e-01 0.000000000000000000e+00
2.038493398252464173e-01 0.000000000000000000e+00
2.066880249629081956e-01 0.000000000000000000e+00
2.095662399480430760e-01 0.000000000000000000e+00
2.124845352498882789e-01 0.000000000000000000e+00
2.154434690031882260e-01 0.000000000000000000e+00
2.184436071149428449e-01 0.000000000000000000e+00
2.214855233726359396e-01 0.000000000000000000e+00
2.245697995539771563e-01 0.000000000000000000e+00
2.276970255381680075e-01 0.000000000000000000e+00
2.308677994187167404e-01 0.000000000000000000e+00
2.340827276178294447e-01 0.000000000000000000e+00
2.373424250023866144e-01 0.000000000000000000e+00
2.406475150015421616e-01 0.000000000000000000e+00
2.439986297259550130e-01 0.000000000000000000e+00
2.473964100886811568e-01 0.000000000000000000e+00
2.508415059277541159e-01 0.000000000000000000e+00
2.543345761304648400e-01 0.000000000000000000e+00
2.578762887593803455e-01 0.000000000000000000e+00
2.614673211801092356e-01 0.000000000000000000e+00
2.651083601908535980e-01 0.000000000000000000e+00
2.688001021537607671e-01 0.000000000000000000e+00
2.725432531281027915e-01 0.000000000000000000e+00
2.763385290053172461e-01 0.000000000000000000e+00
2.801866556459195468e-01 0.000000000000000000e+00
2.840883690183301225e-01 0.000000000000000000e+00
2.880444153396297668e-01 0.000000000000000000e+00
2.920555512182745339e-01 0.000000000000000000e+00
2.961225437988037612e-01 0.000000000000000000e+00
3.002461709085549324e-01 0.000000000000000000e+00
3.044272212064299543e-01 0.000000000000000000e+00
3.086664943337274480e-01 0.000000000000000000e+00
3.129648010670750269e-01 0.000000000000000000e+00
3.173229634734979765e-01 0.000000000000000000e+00
3.217418150676371602e-01 0.000000000000000000e+00
3.262222009711666648e-01 0.000000000000000000e+00
3.307649780744242318e-01 0.000000000000000000e+00
3.353710152002928879e-01 0.000000000000000000e+00
3.400411932703709672e-01 0.000000000000000000e+00
3.447764054734464012e-01 0.000000000000000000e+00
3.495775574363271798e-01 0.000000000000000000e+00
3.544455673970435816e-01 0.000000000000000000e+00
3.593813663804625858e-01 0.000000000000000000e+00
3.643858983763548220e-01 0.000000000000000000e+00
3.694601205199302685e-01 0.000000000000000000e+00
3.746050032748989289e-01 0.000000000000000000e+00
3.798215306190736440e-01 0.000000000000000000e+00
3.851107002325568907e-01 0.000000000000000000e+00
3.904735236885564231e-01 0.000000000000000000e+00
3.959110266468458539e-01 0.000000000000000000e+00
4.014242490499317917e-01 0.000000000000000000e+00
4.070142453219439127e-01 0.000000000000000000e+00
4.126820845702952045e-01 0.000000000000000000e+00
4.184288507901584575e-01 0.000000000000000000e+00
4.242556430717777105e-01 0.000000000000000000e+00
4.301635758106790441e-01 0.000000000000000000e+00
4.361537789208005944e-01 0.000000000000000000e+00
4.422273980505896929e-01 0.000000000000000000e+00
4.483855948021190918e-01 0.000000000000000000e+00
4.546295469532399269e-01 0.000000000000000000e+00
4.609604486828429160e-01 0.000000000000000000e+00
4.673795107992463338e-01 0.000000000000000000e+00
4.738879609717651098e-01 0.000000000000000000e+00
4.804870439655133940e-01 0.000000000000000000e+00
4.871780218794630746e-01 0.000000000000000000e+00
4.939621743878315763e-01 0.000000000000000000e+00
5.008407989848212560e-01 0.000000000000000000e+00
5.078152112327670720e-01 0.000000000000000000e+00
5.148867450137497581e-01 0.000000000000000000e+00
5.220567527846975420e-01 0.000000000000000000e+00
5.293266058360556192e-01 0.000000000000000000e+00
5.366976945540475885e-01 0.000000000000000000e+00
5.441714286865887429e-01 0.000000000000000000e+00
5.517492376129128351e-01 0.000000000000000000e+00
5.594325706169377410e-01 0.000000000000000000e+00
5.672228971644537321e-01 0.000000000000000000e+00
5.751217071841613349e-01 0.000000000000000000e+00
5.831305113526218387e-01 0.000000000000000000e+00
5.912508413831881748e-01 0.000000000000000000e+00
5.994842503189409255e-01 0.000000000000000000e+00
6.078323128297223876e-01 0.000000000000000000e+00
6.162966255132942273e-01 0.000000000000000000e+00
6.248788072006887795e-01 0.000000000000000000e+00
6.335804992658253809e-01 0.000000000000000000e+00
6.424033659394190465e-01 0.000000000000000000e+00
6.513490946272796345e-01 0.000000000000000000e+00
6.604193962330304757e-01 0.000000000000000000e+00
6.696160054853215193e-01 0.000000000000000000e+00
6.789406812696112681e-01 0.000000000000000000e+00
6.883952069645495886e-01 0.000000000000000000e+00
6.979813907830653141e-01 0.000000000000000000e+00
7.077010661181889484e-01 0.000000000000000000e+00
7.175560918936920718e-01 0.000000000000000000e+00
7.275483529196232757e-01 0.000000000000000000e+00
7.376797602527730424e-01 0.000000000000000000e+00
7.479522515621813694e-01 0.000000000000000000e+00
7.583677914997191127e-01 0.000000000000000000e+00
7.689283720758305352e-01 0.000000000000000000e+00
7.796360130405236566e-01 0.000000000000000000e+00
7.904927622696420464e-01 0.000000000000000000e+00
8.015006961565412924e-01 0.000000000000000000e+00
8.126619200091945716e-01 0.000000000000000000e+00
8.239785684528511123e-01 0.000000000000000000e+00
8.354528058382871825e-01 0.000000000000000000e+00
8.470868266557401993e-01 0.000000000000000000e+00
8.588828559546258790e-01 0.000000000000000000e+00
8.708431497690723999e-01 0.000000000000000000e+00
8.829699955494082486e-01 0.000000000000000000e+00
8.952657125996400511e-01 0.000000000000000000e+00
9.077326525210223096e-01 0.000000000000000000e+00
9.203731996618230715e-01 0.000000000000000000e+00
9.331897715733238341e-01 0.000000000000000000e+00
9.461848194721992344e-01 0.000000000000000000e+00
9.593608287093147169e-01 0.000000000000000000e+00
9.727203192450537550e-01 0.000000000000000000e+00
9.862658461312830971e-01 0.000000000000000000e+00
1.000000000000000000e+00 0.000000000000000000e+00
