# Posterior distribution for f, given N = 5 merger events in ET. PBH Mass: 10.0 M_sunPrior: jeffreys
# Columns: f, P(f|N)
9.999999999999999547e-07 3.447922793416260806e-12
1.071891319205128528e-06 6.901762590110019129e-12
1.148951000187308475e-06 1.381487212428886953e-11
1.231550603292826123e-06 2.765131346723358106e-11
1.320088400831416760e-06 5.534317016511451156e-11
1.414991297434575852e-06 1.107614419225419086e-10
1.516716888470924146e-06 2.216592928442424973e-10
1.625755666443793459e-06 4.435596266022578948e-10
1.742633386009650705e-06 8.875281669357291187e-10
1.867913599020780929e-06 1.775705766814892081e-09
2.002200371815584564e-06 3.552323019446405449e-09
2.146141197858405979e-06 7.105578271741127642e-09
2.300430119772916844e-06 1.421097379202934775e-08
2.465811075822603893e-06 2.841687912837966862e-08
2.643081486974102836e-06 5.681282295406460958e-08
2.833096101839324281e-06 1.135589946075888391e-07
3.036771118035460538e-06 2.269278519266469977e-07
3.255088599835056550e-06 4.533451625306278060e-07
3.489101213406773843e-06 9.053708809759671140e-07
3.739937302478793814e-06 1.807420057933517409e-06
4.008806328898464506e-06 3.606635459537220376e-06
4.297004704320844031e-06 7.193295489113628053e-06
4.605922041145103558e-06 1.433850407506936997e-05
4.937047852839003774e-06 2.856229675889546078e-05
5.291978735958436362e-06 5.685299801197350240e-05
5.672426068491977286e-06 1.130670302412036454e-04
6.080224261649427418e-06 2.246390599263820551e-04
6.517339604882419798e-06 4.457972799144686664e-04
6.985879746785248997e-06 8.835259516064891596e-04
7.488103857590030710e-06 1.748426068334436173e-03
8.026433522257174640e-06 3.454025493625164072e-03
8.603464416684508890e-06 6.809960491061524228e-03
9.221978823334321272e-06 1.339612762093256824e-02
9.884959046625586455e-06 2.628370998759361338e-02
1.059560179277614854e-05 5.141664008930735275e-02
1.135733358343105172e-05 1.002407915894684698e-01
1.217382727739661976e-05 1.946692839611754988e-01
1.304901978014401602e-05 3.763759825474764509e-01
1.398713102647238687e-05 7.240102143389274270e-01
1.499268432786047117e-05 1.384701332030323861e+00
1.607052818261638468e-05 2.630908508553592373e+00
1.722585965398787565e-05 4.961328126614646727e+00
1.846424942895542385e-05 9.276561570948496538e+00
1.979166867853557454e-05 1.717798495824979454e+01
2.121451784910627868e-05 3.146244596824799444e+01
2.273965752357927516e-05 5.691428591409518845e+01
2.437444150122221616e-05 1.015222917865307863e+02
2.612675225563326344e-05 1.782542651341938154e+02
2.800503894183631128e-05 3.074706139216358451e+02
3.001835813575592089e-05 5.198940724440459462e+02
3.217641750250735676e-05 8.597029193807595675e+02
3.448962260405759859e-05 1.386720460940362273e+03
3.696912707195024335e-05 2.175854976051568883e+03
3.962688638701478144e-05 3.311112731845788403e+03
4.247571552536893796e-05 4.871179500830256075e+03
4.552935074866947907e-05 6.904583210476284876e+03
4.880251583654433487e-05 9.395712127409064124e+03
5.231099308056257952e-05 1.222873828731298636e+04
5.607169938205458130e-05 1.516341447718200834e+04
6.010276782070387642e-05 1.784108904169436573e+04
6.442363508721369713e-05 1.983591319228884458e+04
6.905513520162330260e-05 2.075150372914959371e+04
7.401959996915637120e-05 2.033982162262454949e+04
7.934096665797492082e-05 1.859787200287962332e+04
8.504489341802668747e-05 1.579471550443710112e+04
9.115888299750818402e-05 1.240545105106044502e+04
9.771241535346501675e-05 8.972237037584556674e+03
1.047370897959449686e-04 5.950257393138303996e+03
1.122667773510813578e-04 3.603370268655529799e+03
1.203377840777589337e-04 1.984494815431056622e+03
1.289890261253308021e-04 9.899947627529134024e+02
1.382622173764654864e-04 4.456359404771878303e+02
1.482020705798858503e-04 1.803294261104779821e+02
1.588565129428052810e-04 6.536143277513627936e+01
1.702769172225899476e-04 2.114614552916597745e+01
1.825183494319042592e-04 6.086104772855706280e+00
1.956398343517062703e-04 1.553274891532241853e+00
2.097046401323232709e-04 3.504437690768604230e-01
2.247805833548725178e-04 6.968958073842672352e-02
2.409403560239524325e-04 1.218070651071820332e-02
2.582618760682674902e-04 1.866225999757398831e-03
2.768286630392063972e-04 2.499945225114243380e-04
2.967302408188869536e-04 2.920874521918362255e-05
3.180625692794118915e-04 2.969657047237662476e-06
3.409285069746810937e-04 2.621547250608526359e-07
3.654383070957254701e-04 2.005235285444977242e-08
3.917101490809256391e-04 1.326410689097658806e-09
4.198707084443910179e-04 7.573462287203659991e-11
4.500557675700497698e-04 3.726174352835413330e-12
4.824108704165368721e-04 1.577184033648127514e-13
5.170920242896755517e-04 5.734565260584697079e-15
5.542664520663101490e-04 1.788615606135967459e-16
5.941133984965033281e-04 4.779513828003220064e-18
6.368249944718586218e-04 1.092965897514539151e-19
6.826071834272385728e-04 2.136723444268352814e-21
7.316807143427192690e-04 3.568052424605259394e-23
7.842822061337682274e-04 5.085590208620685967e-25
8.406652885618325121e-04 6.183481150768659700e-27
9.011018251665018231e-04 6.411128206970116784e-29
9.658832241158698054e-04 5.667013470672553797e-31
1.035321843295661671e-03 4.270601194739678285e-33
1.109752496412072130e-03 2.744303171091787693e-35
1.189534067370319513e-03 1.504469042003179976e-37
1.275051240713012809e-03 7.041412044468148836e-40
1.366716356462005988e-03 2.816490687229962066e-42
1.464971398307284749e-03 9.640913741409991220e-45
1.570290124729377445e-03 2.829013820949873472e-47
1.683180353330956556e-03 7.131410977784916288e-50
1.804186409392071833e-03 1.548250942467560142e-52
1.933891750455230159e-03 2.903583546972168672e-55
2.072921779595369735e-03 4.720289981260809621e-58
2.221946860939523916e-03 6.678554217631388291e-61
2.381685551976158062e-03 8.261243080818526958e-64
2.552908068239516468e-03 8.979714825198205663e-67
2.736439997074669155e-03 8.625257066883945211e-70
2.933166278390042427e-03 7.366070733257178051e-73
3.144035471591500111e-03 5.630176570789822552e-76
3.370064329271928172e-03 3.878617177069733860e-79
3.612342699709430310e-03 2.425983166752320733e-82
3.872038781812553020e-03 1.388143302171821451e-85
4.150404757850472380e-03 7.322017025196095501e-89
4.448782831127585241e-03 3.587236253756450472e-92
4.768611697714469390e-03 1.644380409793236674e-95
5.111433483440165799e-03 7.101698644587204245e-99
5.478901179593939109e-03 2.908024941987799818e-102
5.872786613189477124e-03 1.135425105676885738e-105
6.294988990221887619e-03 4.247466301030899087e-109
6.747544053110693212e-03 1.528269574915597893e-112
7.232633896483533706e-03 5.304410391535978890e-116
7.752597488629456302e-03 1.779464575021909551e-119
8.309941949353387078e-03 5.775634675206299341e-123
8.907354638610439843e-03 1.813999135015187500e-126
9.547716114208055702e-03 5.509830450299319073e-130
1.023411402105452693e-02 1.616431953974634902e-133
1.096985797892384082e-02 4.572133238082729435e-137
1.175849554052155709e-02 1.244138356362544420e-140
1.260382929679727468e-02 3.248800316429235456e-144
1.350993521198025175e-02 8.119154284947460367e-148
1.448118227674533021e-02 1.936464989636577774e-151
1.552225357427047987e-02 4.395166090495412563e-155
1.663816886076127308e-02 9.465957706297102110e-159
1.783430876931909465e-02 1.929092591898732145e-162
1.911644075385699609e-02 3.709782116817742730e-166
2.049074689815846145e-02 6.714283867300751705e-170
2.196385372416546911e-02 1.140786988602178087e-173
2.354286414322415491e-02 1.815155354153103056e-177
2.523539170434765944e-02 2.698575575874275786e-181
2.704959730463131484e-02 3.740522434733238802e-185
2.899422853882875281e-02 4.824265346124163965e-189
3.107866187782013997e-02 5.778493871878798701e-193
3.331294787934670210e-02 6.416883695260173513e-197
3.570785964900462933e-02 6.595656808583077054e-201
3.827494478516307169e-02 6.265700416148254333e-205
4.102658105827190066e-02 5.493700454073024758e-209
4.397603609302721400e-02 4.440178212184911037e-213
4.713753134116719506e-02 3.304301599668459844e-217
5.052631065335679711e-02 2.261784282224801770e-221
5.415871378079464837e-02 1.422672421413993363e-225
5.805225516094895954e-02 8.216172739448851927e-230
6.222570836730231120e-02 4.353209565480774918e-234
6.669919663030114687e-02 2.114571227042050070e-238
7.149428986597576585e-02 9.410990709849198154e-243
7.663410868007446142e-02 3.835339307081572622e-247
8.214343584919421570e-02 1.430566091195679131e-251
8.804883581643464796e-02 4.881472508036683054e-256
9.437878277775371694e-02 1.523197918194334826e-260
1.011637979766207007e-01 4.344770884210345411e-265
1.084365968689608717e-01 1.132509430947334545e-269
1.162322468679851811e-01 2.696843369214602328e-274
1.245883364295008178e-01 5.865388209612053641e-279
1.335451562929897418e-01 1.164837602392411570e-283
1.431458937523478470e-01 2.111898259189637097e-288
1.534368408930009975e-01 3.494948741163481077e-293
1.644676177994662813e-01 5.278357615099757209e-298
1.762914118095947891e-01 7.274192210750969415e-303
1.889652339691207661e-01 9.146257423911155650e-308
2.025501939230666404e-01 1.049101683006462942e-312
2.171117945694500950e-01 0.000000000000000000e+00
2.327202478960407328e-01 0.000000000000000000e+00
2.494508135230316670e-01 0.000000000000000000e+00
2.673841615839944175e-01 0.000000000000000000e+00
2.866067616948250185e-01 0.000000000000000000e+00
3.072112998861752931e-01 0.000000000000000000e+00
3.292971255097147942e-01 0.000000000000000000e+00
3.529707302730650254e-01 0.000000000000000000e+00
3.783462617131925221e-01 0.000000000000000000e+00
4.055460735840827891e-01 0.000000000000000000e+00
4.347013158125017651e-01 0.000000000000000000e+00
4.659525668664677434e-01 0.000000000000000000e+00
4.994505115855140120e-01 0.000000000000000000e+00
5.353566677410719343e-01 0.000000000000000000e+00
5.738441648302392561e-01 0.000000000000000000e+00
6.150985788580504154e-01 0.000000000000000000e+00
6.593188271333542128e-01 0.000000000000000000e+00
7.067181273927490848e-01 0.000000000000000000e+00
7.575250258771905054e-01 0.000000000000000000e+00
8.119844993184008874e-01 0.000000000000000000e+00
8.703591361485165656e-01 0.000000000000000000e+00
9.329304026284677143e-01 0.000000000000000000e+00
1.000000000000000000e+00 0.000000000000000000e+00
