# Posterior distribution for f, given N merger events. PBH Mass: 0.9 M_sun
# Columns: f, P(f|N=1), P(f|N=10), P(f|N=100)
9.999999999999999547e-07 2.757390073934511489e-06 5.030232246180617458e-82 0.000000000000000000e+00
1.071891319205128528e-06 3.168105717585979602e-06 2.016521423639562068e-81 0.000000000000000000e+00
1.148951000187308475e-06 3.639997781126622724e-06 8.083838408419988235e-81 0.000000000000000000e+00
1.231550603292826123e-06 4.182178533141160910e-06 3.240651916079284150e-80 0.000000000000000000e+00
1.320088400831416760e-06 4.805117518886558231e-06 1.299113582758332615e-79 0.000000000000000000e+00
1.414991297434575852e-06 5.520843726843978704e-06 5.207890409144307683e-79 0.000000000000000000e+00
1.516716888470924146e-06 6.343177867896183693e-06 2.087740532027134162e-78 0.000000000000000000e+00
1.625755666443793459e-06 7.287999252367296963e-06 8.369339394892424624e-78 0.000000000000000000e+00
1.742633386009650705e-06 8.373552418222173088e-06 3.355102598508724368e-77 0.000000000000000000e+00
1.867913599020780929e-06 9.620799431289884761e-06 1.344994155147534558e-76 0.000000000000000000e+00
2.002200371815584564e-06 1.105382480062800644e-05 5.391814622898089542e-76 0.000000000000000000e+00
2.146141197858405979e-06 1.270030000377232156e-05 2.161471273116706081e-75 0.000000000000000000e+00
2.300430119772916844e-06 1.459201860600193394e-05 8.664907704390208047e-75 0.000000000000000000e+00
2.465811075822603893e-06 1.676550968120119796e-05 3.473588500234682246e-74 0.000000000000000000e+00
2.643081486974102836e-06 1.926274330246966705e-05 1.392492118859295729e-73 0.000000000000000000e+00
2.833096101839324281e-06 2.213194097376717224e-05 5.582221559067721167e-73 0.000000000000000000e+00
3.036771118035460538e-06 2.542850677347739078e-05 2.237800339754632564e-72 0.000000000000000000e+00
3.255088599835056550e-06 2.921609718935764565e-05 8.970890142472361881e-72 0.000000000000000000e+00
3.489101213406773843e-06 3.356785030221315374e-05 3.596248329376732908e-71 0.000000000000000000e+00
3.739937302478793814e-06 3.856779805234724072e-05 1.441662939168062248e-70 0.000000000000000000e+00
4.008806328898464506e-06 4.431248885772762610e-05 5.779332952048371526e-70 0.000000000000000000e+00
4.297004704320844031e-06 5.091285191419217472e-05 2.316816350633400526e-69 0.000000000000000000e+00
4.605922041145103558e-06 5.849633917419808983e-05 9.287640775046524746e-69 0.000000000000000000e+00
4.937047852839003774e-06 6.720938636171894438e-05 3.723223500337298353e-68 0.000000000000000000e+00
5.291978735958436362e-06 7.722024054037090199e-05 1.492563075442645964e-67 0.000000000000000000e+00
5.672426068491977286e-06 8.872220882853819725e-05 5.983374117209797849e-67 0.000000000000000000e+00
6.080224261649427418e-06 1.019373909857746368e-04 2.398609179883099973e-66 0.000000000000000000e+00
6.517339604882419798e-06 1.171209679359249236e-04 9.615517897255786223e-66 0.000000000000000000e+00
6.985879746785248997e-06 1.345661290245064097e-04 3.854656763982559213e-65 0.000000000000000000e+00
7.488103857590030710e-06 1.546097331378966334e-04 1.545249362280523708e-64 0.000000000000000000e+00
8.026433522257174640e-06 1.776388129776118347e-04 6.194571155351455540e-64 0.000000000000000000e+00
8.603464416684508890e-06 2.040980480578708574e-04 2.483268694288378770e-63 0.000000000000000000e+00
9.221978823334321272e-06 2.344983506920433338e-04 9.954878328801887313e-63 0.000000000000000000e+00
9.884959046625586455e-06 2.694267307145476993e-04 3.990689630052566198e-62 0.000000000000000000e+00
1.059560179277614854e-05 3.095576293630548535e-04 1.599777844543311835e-61 0.000000000000000000e+00
1.135733358343105172e-05 3.556659410967962670e-04 6.413145685782573498e-61 0.000000000000000000e+00
1.217382727739661976e-05 4.086419746973578250e-04 2.570882371128606487e-60 0.000000000000000000e+00
1.304901978014401602e-05 4.695086424148273803e-04 1.030606663500669062e-59 0.000000000000000000e+00
1.398713102647238687e-05 5.394412089058629733e-04 4.131457487507671488e-59 0.000000000000000000e+00
1.499268432786047117e-05 6.197899810879459485e-04 1.656201567200716292e-58 0.000000000000000000e+00
1.607052818261638468e-05 7.121063767554639597e-04 6.639304830448629684e-58 0.000000000000000000e+00
1.722585965398787565e-05 8.181728749596011221e-04 2.661530756732201903e-57 0.000000000000000000e+00
1.846424942895542385e-05 9.400374259962032773e-04 1.066939452316389422e-56 0.000000000000000000e+00
1.979166867853557454e-05 1.080052984812109648e-03 4.277080251720345930e-56 0.000000000000000000e+00
2.121451784910627868e-05 1.240922930379122257e-03 1.714566327283751345e-55 0.000000000000000000e+00
2.273965752357927516e-05 1.425753246989779196e-03 6.873221908248743058e-55 0.000000000000000000e+00
2.437444150122221616e-05 1.638112473670430731e-03 2.755278687820519396e-54 0.000000000000000000e+00
2.612675225563326344e-05 1.882100577478068018e-03 1.104510090193204779e-53 0.000000000000000000e+00
2.800503894183631128e-05 2.162428078202229074e-03 4.427644182513638968e-53 0.000000000000000000e+00
3.001835813575592089e-05 2.484506949209494466e-03 1.774902392539269672e-52 0.000000000000000000e+00
3.217641750250735676e-05 2.854555045599966017e-03 7.114998696135192101e-52 0.000000000000000000e+00
3.448962260405759859e-05 3.279716070791660089e-03 2.852158084761512095e-51 0.000000000000000000e+00
3.696912707195024335e-05 3.768197391040306078e-03 1.143327338993117534e-50 0.000000000000000000e+00
3.962688638701478144e-05 4.329428349875869345e-03 4.583166062037687428e-50 0.000000000000000000e+00
4.247571552536893796e-05 4.974242127444789344e-03 1.837208145390464736e-49 0.000000000000000000e+00
4.552935074866947907e-05 5.715084640672295213e-03 7.364590716525862203e-49 0.000000000000000000e+00
4.880251583654433487e-05 6.566254497421637401e-03 2.952133809541447404e-48 0.000000000000000000e+00
5.231099308056257952e-05 7.544178611063657482e-03 1.183369223277806246e-47 0.000000000000000000e+00
5.607169938205458130e-05 8.667728762045079360e-03 4.743521813726155808e-47 0.000000000000000000e+00
6.010276782070387642e-05 9.958585172666655980e-03 1.901417427023995458e-46 0.000000000000000000e+00
6.442363508721369713e-05 1.144165405457974599e-02 7.621657791908450671e-46 0.000000000000000000e+00
6.905513520162330260e-05 1.314554711163169048e-02 3.055035253340458332e-45 0.000000000000000000e+00
7.401959996915637120e-05 1.510313215197119606e-02 1.224551704018049259e-44 0.000000000000000000e+00
7.934096665797492082e-05 1.735216530348049346e-02 4.908303021392605506e-44 0.000000000000000000e+00
8.504489341802668747e-05 1.993601685903322387e-02 1.967333804957419949e-43 0.000000000000000000e+00
9.115888299750818402e-05 2.290450452910539059e-02 7.885262844972104079e-43 0.000000000000000000e+00
9.771241535346501675e-05 2.631484987840652934e-02 3.160418295566842050e-42 0.000000000000000000e+00
1.047370897959449686e-04 3.023277600339219912e-02 1.266665404268207747e-41 0.000000000000000000e+00
1.122667773510813578e-04 3.473376710535429346e-02 5.076526860428540229e-41 0.000000000000000000e+00
1.203377840777589337e-04 3.990451356965044050e-02 2.034497584120653842e-40 0.000000000000000000e+00
1.289890261253308021e-04 4.584456951973014949e-02 8.153262141317053133e-40 0.000000000000000000e+00
1.382622173764654864e-04 5.266825362287307077e-02 3.267285720793423449e-39 0.000000000000000000e+00
1.482020705798858503e-04 6.050682823428186335e-02 1.309247417117701790e-38 0.000000000000000000e+00
1.588565129428052810e-04 6.951099683141012675e-02 5.246048350865635787e-38 0.000000000000000000e+00
1.702769172225899476e-04 7.985376516671961744e-02 2.101916355864388229e-37 0.000000000000000000e+00
1.825183494319042592e-04 9.173371770991173291e-02 8.421070171412481189e-37 0.000000000000000000e+00
1.956398343517062703e-04 1.053787678127384303e-01 3.373521170698264853e-36 0.000000000000000000e+00
2.097046401323232709e-04 1.210504476566722776e-01 1.351321954330928257e-35 0.000000000000000000e+00
2.247805833548725178e-04 1.390488124702134454e-01 5.412372442743433001e-35 0.000000000000000000e+00
2.409403560239524325e-04 1.597180427429959471e-01 2.167521108268441981e-34 0.000000000000000000e+00
2.582618760682674902e-04 1.834528382030499727e-01 8.679170630474430396e-34 0.000000000000000000e+00
2.768286630392063972e-04 2.107057081031730172e-01 3.474750741222793334e-33 0.000000000000000000e+00
2.967302408188869536e-04 2.419952737619124050e-01 1.390880032327050578e-32 0.000000000000000000e+00
3.180625692794118915e-04 2.779157111168146788e-01 5.566277821420543797e-32 0.000000000000000000e+00
3.409285069746810937e-04 3.191474729470322180e-01 2.227082094475359302e-31 0.000000000000000000e+00
3.654383070957254701e-04 3.664694419217061627e-01 8.908175675911981338e-31 0.000000000000000000e+00
3.917101490809256391e-04 4.207726760287089918e-01 3.562094303531285955e-30 0.000000000000000000e+00
4.198707084443910179e-04 4.830759162487698322e-01 1.423857618949883329e-29 0.000000000000000000e+00
4.500557675700497698e-04 5.545430312057563205e-01 5.689181807112461519e-29 0.000000000000000000e+00
4.824108704165368721e-04 6.365025731076099369e-01 2.272110846657570757e-28 0.000000000000000000e+00
5.170920242896755517e-04 7.304696111427708693e-01 9.069353593033356495e-28 0.000000000000000000e+00
5.542664520663101490e-04 8.381699893917268218e-01 3.617901380746477861e-27 0.000000000000000000e+00
5.941133984965033281e-04 9.615671220674534281e-01 1.442222744573303350e-26 0.000000000000000000e+00
6.368249944718586218e-04 1.102891384157812515e+00 5.744594458889383399e-26 0.000000000000000000e+00
6.826071834272385728e-04 1.264672073552117748e+00 2.286060976599684655e-25 3.415871062217210357e-317
7.316807143427192690e-04 1.449771803112743784e+00 9.087837991158083752e-25 3.440476331355388081e-311
7.842822061337682274e-04 1.661423017702209348e+00 3.608382851163482540e-24 3.438935686411173285e-305
8.406652885618325121e-04 1.903266109770917369e+00 1.430769937872169467e-23 3.403469156135092627e-299
9.011018251665018231e-04 2.179388313756592144e+00 5.664320947014831120e-23 3.330454700802576983e-293
9.658832241158698054e-04 2.494362178725911150e+00 2.238468284010689575e-22 3.217200790009796210e-287
1.035321843295661671e-03 2.853281934155206478e+00 8.828163745218615899e-22 3.062400134749403425e-281
1.109752496412072130e-03 3.261795460010836756e+00 3.473625723483741428e-21 2.866601531109576567e-275
1.189534067370319513e-03 3.726128837059354826e+00 1.363168871338545887e-20 2.632639270301073837e-269
1.275051240713012809e-03 4.253099581276003960e+00 5.333511677129780904e-20 2.365936321502588083e-263
1.366716356462005988e-03 4.850113664357258436e+00 2.079682702107722157e-19 2.074581146067227025e-257
1.464971398307284749e-03 5.525140317374822807e+00 8.077981861958193361e-19 1.769078415008854803e-251
1.570290124729377445e-03 6.286657462264233942e+00 3.123984674803314700e-18 1.461702038514053398e-245
1.683180353330956556e-03 7.143559511722731514e+00 1.202176098325326492e-17 1.165442623647313076e-239
1.804186409392071833e-03 8.105018369036587345e+00 4.600514067849803277e-17 8.926390650363837669e-234
1.933891750455230159e-03 9.180287952820979314e+00 1.749528749156173368e-16 6.534976024979726113e-228
2.072921779595369735e-03 1.037844273918870996e+01 6.606629023285308674e-16 4.547949327468909994e-222
2.221946860939523916e-03 1.170804198314144706e+01 2.475256297167580118e-15 2.990872321127404272e-216
2.381685551976158062e-03 1.317671380897476929e+01 9.192819365208733651e-15 1.846656618946632987e-210
2.552908068239516468e-03 1.479065757975837592e+01 3.380981542700504229e-14 1.063094483212126137e-204
2.736439997074669155e-03 1.655406909501345680e+01 1.230131847759486585e-13 5.664451697989094747e-199
2.933166278390042427e-03 1.846850123158578327e+01 4.422821740504624446e-13 2.771932245061909512e-193
3.144035471591500111e-03 2.053218228820749758e+01 1.569600415698768955e-12 1.235816271085317609e-187
3.370064329271928172e-03 2.273932475723814406e+01 5.491712291551792709e-12 4.978437980615188053e-182
3.612342699709430310e-03 2.507946715824317607e+01 1.892052319274375444e-11 1.797169907258656135e-176
3.872038781812553020e-03 2.753689932573253785e+01 6.411224676827248286e-11 5.765830626049868503e-171
4.150404757850472380e-03 3.009022515907482642e+01 2.134094061139591439e-10 1.630919987091601382e-165
4.448782831127585241e-03 3.271211477524802547e+01 6.970246897952484421e-10 4.036446328838772393e-160
4.768611697714469390e-03 3.536928941835843432e+01 2.231340639345062201e-09 8.679826868006417066e-155
5.111433483440165799e-03 3.802276788208448721e+01 6.993899877748053200e-09 1.611540644879756535e-149
5.478901179593939109e-03 4.062838464042304309e+01 2.144370264486143690e-08 2.569500384800489495e-144
5.872786613189477124e-03 4.313757074171852679e+01 6.426005521024368436e-08 3.502894109040990437e-139
6.294988990221887619e-03 4.549837277231542743e+01 1.880715727785222233e-07 4.069448949070018153e-134
6.747544053110693212e-03 4.765667625260856255e+01 5.372438442636334260e-07 4.019847019298073694e-129
7.232633896483533706e-03 4.955759933850801247e+01 1.497113035125362770e-06 3.372461506075280231e-124
7.752597488629456302e-03 5.114702972880796494e+01 4.067985344899651525e-06 2.402562240568445892e-119
8.309941949353387078e-03 5.237328862410110020e+01 1.077416866172831687e-05 1.454428018709388859e-114
8.907354638610439843e-03 5.318891495221165400e+01 2.780535035300412463e-05 7.492042745649991760e-110
9.547716114208055702e-03 5.355256488984488783e+01 6.990158725555343784e-05 3.290140838183013170e-105
1.023411402105452693e-02 5.343101112904080452e+01 1.711343495921150543e-04 1.234446680813426276e-100
1.096985797892384082e-02 5.280120104375728118e+01 4.078969525801105886e-04 3.965840918182790129e-96
1.175849554052155709e-02 5.165229396278965623e+01 9.462026281864523375e-04 1.093180515306066575e-91
1.260382929679727468e-02 4.998754979743688409e+01 2.135373380295184972e-03 2.589788146030488488e-87
1.350993521198025175e-02 4.782589220082313375e+01 4.686270177860984813e-03 5.278622230614321035e-83
1.448118227674533021e-02 4.520292959432376989e+01 9.995860308238421407e-03 9.259659668241703373e-79
1.552225357427047987e-02 4.217119836677718325e+01 2.071060949711725149e-02 1.397059956980691088e-74
1.663816886076127308e-02 3.879940549830727292e+01 4.165324295492255080e-02 1.809823952093999324e-70
1.783430876931909465e-02 3.517050139585514046e+01 8.125576899319249258e-02 2.007169701041312294e-66
1.911644075385699609e-02 3.137851140353541624e+01 1.536167926165278863e-01 1.897577684211541718e-62
2.049074689815846145e-02 2.752419223190141295e+01 2.811881237293185065e-01 1.520513409411485466e-58
2.196385372416546911e-02 2.370974394898266979e+01 4.978414310830368006e-01 1.025138136986992062e-54
2.354286414322415491e-02 2.003297595956326660e+01 8.516339082311594755e-01 5.763338244735943710e-51
2.523539170434765944e-02 1.658146574683981811e+01 1.406008531382511695e+00 2.672932996823737007e-47
2.704959730463131484e-02 1.342732873406660410e+01 2.237576241328525395e+00 1.009769953874644169e-43
2.899422853882875281e-02 1.062320823065812903e+01 3.428343353757904222e+00 3.061959666805622964e-40
3.107866187782013997e-02 8.199981632937634046e+00 5.050709866401598802e+00 7.328437179097668876e-37
3.331294787934670210e-02 6.166469423442250353e+00 7.145192344580022947e+00 1.358200858749499384e-33
3.570785964900462933e-02 4.511157457899753531e+00 9.693720429735201094e+00 1.907741766646162038e-30
3.827494478516307169e-02 3.205650898216590328e+00 1.259495859496670533e+01 1.982630543081991692e-27
4.102658105827190066e-02 2.209330049477595370e+00 1.565103693075110591e+01 1.484393895632135487e-24
4.397603609302721400e-02 1.474527259834108817e+00 1.857541257693575076e+01 7.774787183126829669e-22
4.713753134116719506e-02 9.515226598971039396e-01 2.102773476126020924e+01 2.758990083199405329e-19
5.052631065335679711e-02 5.927651358427618034e-01 2.267346309429225926e+01 6.408660719589747768e-17
5.415871378079464837e-02 3.559305801725335949e-01 2.325584725184277346e+01 9.396909494800052136e-15
5.805225516094895954e-02 2.056789935308080131e-01 2.265998534641902751e+01 8.384486878598535320e-13
6.222570836730231120e-02 1.142042438586072378e-01 2.094751669543280670e+01 4.400349772820217646e-11
6.669919663030114687e-02 6.083766452671902913e-02 1.834816418400907878e+01 1.325327062215751487e-09
7.149428986597576585e-02 3.104540824878349384e-02 1.520869654531370685e+01 2.287305607406194410e-08
7.663410868007446142e-02 1.515309155795039643e-02 1.191500415855167816e+01 2.368187724110806979e-07
8.214343584919421570e-02 7.064487973751154733e-03 8.812007603835542824e+00 1.651957328958046593e-06
8.804883581643464796e-02 3.139088863839271763e-03 6.145006288390329807e+00 9.076350747290765438e-06
9.437878277775371694e-02 1.327726810778873936e-03 4.035878788461623401e+00 4.367507089366674859e-05
1.011637979766207007e-01 5.338682116650257355e-04 2.493659966605283440e+00 1.899794658005945255e-04
1.084365968689608717e-01 2.039177921562053430e-04 1.447932969546077420e+00 7.498168599575924867e-04
1.162322468679851811e-01 7.398763910986818574e-05 7.892497390801550550e-01 2.685675023620211037e-03
1.245883364295008178e-01 2.550827817775010880e-05 4.034519492203759716e-01 8.729766272568582203e-03
1.335451562929897418e-01 8.350815597060301426e-06 1.932195801901392118e-01 2.575130524530778661e-02
1.431458937523478470e-01 2.586635491464860186e-06 8.661175569715302835e-02 6.893457516587728207e-02
1.534368408930009975e-01 7.523030202753445003e-07 3.630505976238170701e-02 1.674587218651249210e-01
1.644676177994662813e-01 2.034314938622598785e-07 1.403969590497205176e-02 3.691486248215773980e-01
1.762914118095947891e-01 5.080387851616770712e-08 5.072578477760393209e-03 7.384251029067946392e-01
1.889652339691207661e-01 1.176871257463916064e-08 1.747767590688322588e-03 1.340329556218941454e+00
2.025501939230666404e-01 2.584244157444224579e-09 5.780709110851985771e-04 2.207519814890266385e+00
2.171117945694500950e-01 5.558473835698534547e-10 1.784279449334442535e-04 3.298932634254704954e+00
2.327202478960407328e-01 1.190780569456700797e-10 4.895441933578080642e-05 4.473076723169464586e+00
2.494508135230316670e-01 2.480026466236880287e-11 1.157225108626751244e-05 5.502906036906974663e+00
2.673841615839944175e-01 4.763610869616384078e-12 2.416414739587790105e-06 6.142147337199679313e+00
2.866067616948250185e-01 8.014720617835936298e-13 4.970602088534556197e-07 6.219868777508956725e+00
3.072112998861752931e-01 1.138974903672473503e-13 1.128095403670333931e-07 5.714347605684256592e+00
3.292971255097147942e-01 1.342447826028129783e-14 2.671977070141299496e-08 4.762876959850809833e+00
3.529707302730650254e-01 1.332184285594329879e-15 5.655591842788486473e-09 3.601501202282468395e+00
3.783462617131925221e-01 1.236367841450221581e-16 9.628274146286677005e-10 2.470614497875379900e+00
4.055460735840827891e-01 1.359984142563661969e-17 1.251760198440768463e-10 1.537556076448111764e+00
4.347013158125017651e-01 1.948186432587517913e-18 1.215410009579164082e-11 8.680816419591032007e-01
4.659525668664677434e-01 2.932133840718616769e-19 9.249596416287703683e-13 4.446258090312002476e-01
4.994505115855140120e-01 3.865758795519879011e-20 7.787755864013643144e-14 0.000000000000000000e+00
5.353566677410719343e-01 4.159067926534001842e-21 1.182619631723292230e-14 0.000000000000000000e+00
5.738441648302392561e-01 3.534842808658476811e-22 2.226729449068095239e-15 0.000000000000000000e+00
6.150985788580504154e-01 2.312394638402808786e-23 3.498486184121272330e-16 0.000000000000000000e+00
6.593188271333542128e-01 1.133252856079718530e-24 4.151101354503083596e-17 0.000000000000000000e+00
7.067181273927490848e-01 4.040021560122665416e-26 3.583386017767791149e-18 0.000000000000000000e+00
7.575250258771905054e-01 1.016177013248960980e-27 2.176938081513516261e-19 0.000000000000000000e+00
8.119844993184008874e-01 1.790919691767682149e-29 8.978528213330880599e-21 0.000000000000000000e+00
8.703591361485165656e-01 3.175989644527775564e-31 2.416671717751779772e-22 0.000000000000000000e+00
9.329304026284677143e-01 2.192359819255052492e-32 4.071805297984032577e-24 0.000000000000000000e+00
1.000000000000000000e+00 2.787669356824818305e-33 4.357943499318373295e-26 0.000000000000000000e+00
