# Posterior distribution for f, given N = 1000 merger events in ET. PBH Mass: 10.0 M_sunPrior: jeffreys
# Columns: f, P(f|N)
9.999999999999999547e-07 0.000000000000000000e+00
1.071891319205128528e-06 0.000000000000000000e+00
1.148951000187308475e-06 0.000000000000000000e+00
1.231550603292826123e-06 0.000000000000000000e+00
1.320088400831416760e-06 0.000000000000000000e+00
1.414991297434575852e-06 0.000000000000000000e+00
1.516716888470924146e-06 0.000000000000000000e+00
1.625755666443793459e-06 0.000000000000000000e+00
1.742633386009650705e-06 0.000000000000000000e+00
1.867913599020780929e-06 0.000000000000000000e+00
2.002200371815584564e-06 0.000000000000000000e+00
2.146141197858405979e-06 0.000000000000000000e+00
2.300430119772916844e-06 0.000000000000000000e+00
2.465811075822603893e-06 0.000000000000000000e+00
2.643081486974102836e-06 0.000000000000000000e+00
2.833096101839324281e-06 0.000000000000000000e+00
3.036771118035460538e-06 0.000000000000000000e+00
3.255088599835056550e-06 0.000000000000000000e+00
3.489101213406773843e-06 0.000000000000000000e+00
3.739937302478793814e-06 0.000000000000000000e+00
4.008806328898464506e-06 0.000000000000000000e+00
4.297004704320844031e-06 0.000000000000000000e+00
4.605922041145103558e-06 0.000000000000000000e+00
4.937047852839003774e-06 0.000000000000000000e+00
5.291978735958436362e-06 0.000000000000000000e+00
5.672426068491977286e-06 0.000000000000000000e+00
6.080224261649427418e-06 0.000000000000000000e+00
6.517339604882419798e-06 0.000000000000000000e+00
6.985879746785248997e-06 0.000000000000000000e+00
7.488103857590030710e-06 0.000000000000000000e+00
8.026433522257174640e-06 0.000000000000000000e+00
8.603464416684508890e-06 0.000000000000000000e+00
9.221978823334321272e-06 0.000000000000000000e+00
9.884959046625586455e-06 0.000000000000000000e+00
1.059560179277614854e-05 0.000000000000000000e+00
1.135733358343105172e-05 0.000000000000000000e+00
1.217382727739661976e-05 0.000000000000000000e+00
1.304901978014401602e-05 0.000000000000000000e+00
1.398713102647238687e-05 0.000000000000000000e+00
1.499268432786047117e-05 0.000000000000000000e+00
1.607052818261638468e-05 0.000000000000000000e+00
1.722585965398787565e-05 0.000000000000000000e+00
1.846424942895542385e-05 0.000000000000000000e+00
1.979166867853557454e-05 0.000000000000000000e+00
2.121451784910627868e-05 0.000000000000000000e+00
2.273965752357927516e-05 0.000000000000000000e+00
2.437444150122221616e-05 0.000000000000000000e+00
2.612675225563326344e-05 0.000000000000000000e+00
2.800503894183631128e-05 0.000000000000000000e+00
3.001835813575592089e-05 0.000000000000000000e+00
3.217641750250735676e-05 0.000000000000000000e+00
3.448962260405759859e-05 0.000000000000000000e+00
3.696912707195024335e-05 0.000000000000000000e+00
3.962688638701478144e-05 0.000000000000000000e+00
4.247571552536893796e-05 0.000000000000000000e+00
4.552935074866947907e-05 0.000000000000000000e+00
4.880251583654433487e-05 0.000000000000000000e+00
5.231099308056257952e-05 0.000000000000000000e+00
5.607169938205458130e-05 0.000000000000000000e+00
6.010276782070387642e-05 0.000000000000000000e+00
6.442363508721369713e-05 0.000000000000000000e+00
6.905513520162330260e-05 0.000000000000000000e+00
7.401959996915637120e-05 0.000000000000000000e+00
7.934096665797492082e-05 0.000000000000000000e+00
8.504489341802668747e-05 0.000000000000000000e+00
9.115888299750818402e-05 0.000000000000000000e+00
9.771241535346501675e-05 0.000000000000000000e+00
1.047370897959449686e-04 0.000000000000000000e+00
1.122667773510813578e-04 0.000000000000000000e+00
1.203377840777589337e-04 0.000000000000000000e+00
1.289890261253308021e-04 0.000000000000000000e+00
1.382622173764654864e-04 0.000000000000000000e+00
1.482020705798858503e-04 0.000000000000000000e+00
1.588565129428052810e-04 0.000000000000000000e+00
1.702769172225899476e-04 0.000000000000000000e+00
1.825183494319042592e-04 0.000000000000000000e+00
1.956398343517062703e-04 0.000000000000000000e+00
2.097046401323232709e-04 0.000000000000000000e+00
2.247805833548725178e-04 1.184950951309069181e-296
2.409403560239524325e-04 8.639928934707940319e-252
2.582618760682674902e-04 3.194437799784130888e-209
2.768286630392063972e-04 2.736131294851413784e-169
2.967302408188869536e-04 2.210882745028607290e-132
3.180625692794118915e-04 6.019158080029160535e-99
3.409285069746810937e-04 1.699171481407355083e-69
3.654383070957254701e-04 1.295175661710776759e-44
3.917101490809256391e-04 5.797345010197877640e-25
4.198707084443910179e-04 2.824945968668744983e-11
4.500557675700497698e-04 3.239637699791798908e-04
4.824108704165368721e-04 1.768070785867995737e-02
5.170920242896755517e-04 1.493698679334028723e-01
5.542664520663101490e-04 1.021121632651058153e+00
5.941133984965033281e-04 5.650592035547118641e+00
6.368249944718586218e-04 2.531494888931728582e+01
6.826071834272385728e-04 9.183461720983522980e+01
7.316807143427192690e-04 2.698233911415481998e+02
7.842822061337682274e-04 6.422667470427886656e+02
8.406652885618325121e-04 1.238962220575941956e+03
9.011018251665018231e-04 1.937677340287865491e+03
9.658832241158698054e-04 2.458073087790356112e+03
1.035321843295661671e-03 2.530745729853025296e+03
1.109752496412072130e-03 2.116125176348047717e+03
1.189534067370319513e-03 1.438229712704401891e+03
1.275051240713012809e-03 7.952969319089654618e+02
1.366716356462005988e-03 3.582116577831096720e+02
1.464971398307284749e-03 1.315954415508863349e+02
1.570290124729377445e-03 3.949228121006753867e+01
1.683180353330956556e-03 9.699390591765791214e+00
1.804186409392071833e-03 1.953677238236716684e+00
1.933891750455230159e-03 3.235124926906339793e-01
2.072921779595369735e-03 4.416380294615072227e-02
2.221946860939523916e-03 4.976569205227021273e-03
2.381685551976158062e-03 4.654872852198560312e-04
2.552908068239516468e-03 3.654285394091846215e-05
2.736439997074669155e-03 2.384018250091922014e-06
2.933166278390042427e-03 1.310520460190504155e-07
3.144035471591500111e-03 6.092146684107984058e-09
3.370064329271928172e-03 2.418316430067763462e-10
3.612342699709430310e-03 8.153140969256209984e-12
3.872038781812553020e-03 2.371626536646403713e-13
4.150404757850472380e-03 5.999617772086407585e-15
4.448782831127585241e-03 1.323374427509709830e-16
4.768611697714469390e-03 2.568738753913247374e-18
5.111433483440165799e-03 4.418766992842637842e-20
5.478901179593939109e-03 6.751797289085296001e-22
5.872786613189477124e-03 9.225633200762032834e-24
6.294988990221887619e-03 1.138243323427041550e-25
6.747544053110693212e-03 1.273422315552698808e-27
7.232633896483533706e-03 1.296567613214483924e-29
7.752597488629456302e-03 1.204207223279047313e-31
8.309941949353387078e-03 1.027980923394306545e-33
8.907354638610439843e-03 8.079437111983428096e-36
9.547716114208055702e-03 5.811914578654886996e-38
1.023411402105452693e-02 3.860225544500289352e-40
1.096985797892384082e-02 2.366504455948633155e-42
1.175849554052155709e-02 1.338313807018587792e-44
1.260382929679727468e-02 6.965103515186353061e-47
1.350993521198025175e-02 3.348197291171132138e-49
1.448118227674533021e-02 1.498452648558242246e-51
1.552225357427047987e-02 6.119705303222453519e-54
1.663816886076127308e-02 2.303107990456670352e-56
1.783430876931909465e-02 7.978682016586506860e-59
1.911644075385699609e-02 2.539626927727611164e-61
2.049074689815846145e-02 7.438022043323229003e-64
2.196385372416546911e-02 1.998934057723252866e-66
2.354286414322415491e-02 4.856916608766483880e-69
2.523539170434765944e-02 1.096012839072209727e-71
2.704959730463131484e-02 2.252966216152347300e-74
2.899422853882875281e-02 4.226256871121632963e-77
3.107866187782013997e-02 7.234313824632956473e-80
3.331294787934670210e-02 1.129043201275914279e-82
3.570785964900462933e-02 1.614720222479674528e-85
3.827494478516307169e-02 2.075815471278322302e-88
4.102658105827190066e-02 2.440811713077740122e-91
4.397603609302721400e-02 2.623460047512545780e-94
4.713753134116719506e-02 2.550765551210970056e-97
5.052631065335679711e-02 2.253337996133377518e-100
5.415871378079464837e-02 1.807300685859356562e-103
5.805225516094895954e-02 1.318659116093831923e-106
6.222570836730231120e-02 8.644261806527729632e-110
6.669919663030114687e-02 5.166512510477672396e-113
7.149428986597576585e-02 2.818145498962152372e-116
7.663410868007446142e-02 1.379685090546353967e-119
8.214343584919421570e-02 6.135644309896121272e-123
8.804883581643464796e-02 2.471139863355538462e-126
9.437878277775371694e-02 9.012435011407605379e-130
1.011637979766207007e-01 2.959913851067711232e-133
1.084365968689608717e-01 8.896328114627843706e-137
1.162322468679851811e-01 2.411658647944257858e-140
1.245883364295008178e-01 5.865976098769741175e-144
1.335451562929897418e-01 1.300575769693241359e-147
1.431458937523478470e-01 2.604840371771730708e-151
1.534368408930009975e-01 4.718513994378055845e-155
1.644676177994662813e-01 7.727709878373428985e-159
1.762914118095947891e-01 1.153982966668054614e-162
1.889652339691207661e-01 1.535635281302241973e-166
2.025501939230666404e-01 1.861697337960481463e-170
2.171117945694500950e-01 2.051696727989713601e-174
2.327202478960407328e-01 2.035642626573841748e-178
2.494508135230316670e-01 1.828617261225770986e-182
2.673841615839944175e-01 1.486832441046859502e-186
2.866067616948250185e-01 1.094138969536529102e-190
3.072112998861752931e-01 7.211113862147865484e-195
3.292971255097147942e-01 4.389998714133412912e-199
3.529707302730650254e-01 2.383055577820261164e-203
3.783462617131925221e-01 1.171357909201070089e-207
4.055460735840827891e-01 5.221775000964962089e-212
4.347013158125017651e-01 2.105218230356891756e-216
4.659525668664677434e-01 7.671951490732491906e-221
4.994505115855140120e-01 2.533045431287647992e-225
5.353566677410719343e-01 7.636013134769828898e-230
5.738441648302392561e-01 2.034247363611102689e-234
6.150985788580504154e-01 5.008918356050537333e-239
6.593188271333542128e-01 1.109427086176907245e-243
7.067181273927490848e-01 2.222851791465324645e-248
7.575250258771905054e-01 4.032507286384078251e-253
8.119844993184008874e-01 6.632190845769112142e-258
8.703591361485165656e-01 9.822411712408481950e-263
9.329304026284677143e-01 1.315526232484499072e-267
1.000000000000000000e+00 1.623271457024516981e-272
