# Posterior distribution for f, given N = 24000 merger events in ET. PBH Mass: 10.0 M_sunPrior: jeffreys
# Columns: f, P(f|N)
9.999999999999999547e-07 0.000000000000000000e+00
1.071891319205128528e-06 0.000000000000000000e+00
1.148951000187308475e-06 0.000000000000000000e+00
1.231550603292826123e-06 0.000000000000000000e+00
1.320088400831416760e-06 0.000000000000000000e+00
1.414991297434575852e-06 0.000000000000000000e+00
1.516716888470924146e-06 0.000000000000000000e+00
1.625755666443793459e-06 0.000000000000000000e+00
1.742633386009650705e-06 0.000000000000000000e+00
1.867913599020780929e-06 0.000000000000000000e+00
2.002200371815584564e-06 0.000000000000000000e+00
2.146141197858405979e-06 0.000000000000000000e+00
2.300430119772916844e-06 0.000000000000000000e+00
2.465811075822603893e-06 0.000000000000000000e+00
2.643081486974102836e-06 0.000000000000000000e+00
2.833096101839324281e-06 0.000000000000000000e+00
3.036771118035460538e-06 0.000000000000000000e+00
3.255088599835056550e-06 0.000000000000000000e+00
3.489101213406773843e-06 0.000000000000000000e+00
3.739937302478793814e-06 0.000000000000000000e+00
4.008806328898464506e-06 0.000000000000000000e+00
4.297004704320844031e-06 0.000000000000000000e+00
4.605922041145103558e-06 0.000000000000000000e+00
4.937047852839003774e-06 0.000000000000000000e+00
5.291978735958436362e-06 0.000000000000000000e+00
5.672426068491977286e-06 0.000000000000000000e+00
6.080224261649427418e-06 0.000000000000000000e+00
6.517339604882419798e-06 0.000000000000000000e+00
6.985879746785248997e-06 0.000000000000000000e+00
7.488103857590030710e-06 0.000000000000000000e+00
8.026433522257174640e-06 0.000000000000000000e+00
8.603464416684508890e-06 0.000000000000000000e+00
9.221978823334321272e-06 0.000000000000000000e+00
9.884959046625586455e-06 0.000000000000000000e+00
1.059560179277614854e-05 0.000000000000000000e+00
1.135733358343105172e-05 0.000000000000000000e+00
1.217382727739661976e-05 0.000000000000000000e+00
1.304901978014401602e-05 0.000000000000000000e+00
1.398713102647238687e-05 0.000000000000000000e+00
1.499268432786047117e-05 0.000000000000000000e+00
1.607052818261638468e-05 0.000000000000000000e+00
1.722585965398787565e-05 0.000000000000000000e+00
1.846424942895542385e-05 0.000000000000000000e+00
1.979166867853557454e-05 0.000000000000000000e+00
2.121451784910627868e-05 0.000000000000000000e+00
2.273965752357927516e-05 0.000000000000000000e+00
2.437444150122221616e-05 0.000000000000000000e+00
2.612675225563326344e-05 0.000000000000000000e+00
2.800503894183631128e-05 0.000000000000000000e+00
3.001835813575592089e-05 0.000000000000000000e+00
3.217641750250735676e-05 0.000000000000000000e+00
3.448962260405759859e-05 0.000000000000000000e+00
3.696912707195024335e-05 0.000000000000000000e+00
3.962688638701478144e-05 0.000000000000000000e+00
4.247571552536893796e-05 0.000000000000000000e+00
4.552935074866947907e-05 0.000000000000000000e+00
4.880251583654433487e-05 0.000000000000000000e+00
5.231099308056257952e-05 0.000000000000000000e+00
5.607169938205458130e-05 0.000000000000000000e+00
6.010276782070387642e-05 0.000000000000000000e+00
6.442363508721369713e-05 0.000000000000000000e+00
6.905513520162330260e-05 0.000000000000000000e+00
7.401959996915637120e-05 0.000000000000000000e+00
7.934096665797492082e-05 0.000000000000000000e+00
8.504489341802668747e-05 0.000000000000000000e+00
9.115888299750818402e-05 0.000000000000000000e+00
9.771241535346501675e-05 0.000000000000000000e+00
1.047370897959449686e-04 0.000000000000000000e+00
1.122667773510813578e-04 0.000000000000000000e+00
1.203377840777589337e-04 0.000000000000000000e+00
1.289890261253308021e-04 0.000000000000000000e+00
1.382622173764654864e-04 0.000000000000000000e+00
1.482020705798858503e-04 0.000000000000000000e+00
1.588565129428052810e-04 0.000000000000000000e+00
1.702769172225899476e-04 0.000000000000000000e+00
1.825183494319042592e-04 0.000000000000000000e+00
1.956398343517062703e-04 0.000000000000000000e+00
2.097046401323232709e-04 0.000000000000000000e+00
2.247805833548725178e-04 0.000000000000000000e+00
2.409403560239524325e-04 0.000000000000000000e+00
2.582618760682674902e-04 0.000000000000000000e+00
2.768286630392063972e-04 0.000000000000000000e+00
2.967302408188869536e-04 0.000000000000000000e+00
3.180625692794118915e-04 0.000000000000000000e+00
3.409285069746810937e-04 0.000000000000000000e+00
3.654383070957254701e-04 0.000000000000000000e+00
3.917101490809256391e-04 0.000000000000000000e+00
4.198707084443910179e-04 0.000000000000000000e+00
4.500557675700497698e-04 0.000000000000000000e+00
4.824108704165368721e-04 0.000000000000000000e+00
5.170920242896755517e-04 0.000000000000000000e+00
5.542664520663101490e-04 0.000000000000000000e+00
5.941133984965033281e-04 0.000000000000000000e+00
6.368249944718586218e-04 0.000000000000000000e+00
6.826071834272385728e-04 0.000000000000000000e+00
7.316807143427192690e-04 0.000000000000000000e+00
7.842822061337682274e-04 0.000000000000000000e+00
8.406652885618325121e-04 0.000000000000000000e+00
9.011018251665018231e-04 0.000000000000000000e+00
9.658832241158698054e-04 0.000000000000000000e+00
1.035321843295661671e-03 0.000000000000000000e+00
1.109752496412072130e-03 0.000000000000000000e+00
1.189534067370319513e-03 0.000000000000000000e+00
1.275051240713012809e-03 0.000000000000000000e+00
1.366716356462005988e-03 0.000000000000000000e+00
1.464971398307284749e-03 0.000000000000000000e+00
1.570290124729377445e-03 0.000000000000000000e+00
1.683180353330956556e-03 0.000000000000000000e+00
1.804186409392071833e-03 0.000000000000000000e+00
1.933891750455230159e-03 0.000000000000000000e+00
2.072921779595369735e-03 1.021780996965965162e-208
2.221946860939523916e-03 3.699012199806517387e-30
2.381685551976158062e-03 1.813992937994806992e-03
2.552908068239516468e-03 3.167086288098490410e-02
2.736439997074669155e-03 1.008014955177088112e-01
2.933166278390042427e-03 5.479253907613417240e-01
3.144035471591500111e-03 2.434787875889492526e+00
3.370064329271928172e-03 8.873040165937512214e+00
3.612342699709430310e-03 2.661478600011206197e+01
3.872038781812553020e-03 6.597217018970984270e+01
4.150404757850472380e-03 1.357398516351052820e+02
4.448782831127585241e-03 2.329400050173843795e+02
4.768611697714469390e-03 3.351129176025980883e+02
5.111433483440165799e-03 4.063313285241656558e+02
5.478901179593939109e-03 4.175621606570841777e+02
5.872786613189477124e-03 3.657323791183260369e+02
6.294988990221887619e-03 2.745723100310886480e+02
6.747544053110693212e-03 1.776683876931737132e+02
7.232633896483533706e-03 9.962073882870809882e+01
7.752597488629456302e-03 4.865261115692685934e+01
8.309941949353387078e-03 2.079430635903548819e+01
8.907354638610439843e-03 7.812434031574228221e+00
9.547716114208055702e-03 2.590457176695299513e+00
1.023411402105452693e-02 7.608179325427825157e-01
1.096985797892384082e-02 2.745356453252377829e-02
1.175849554052155709e-02 5.211696361225182789e-02
1.260382929679727468e-02 2.421959040744118413e-02
1.350993521198025175e-02 7.746495355843873625e-04
1.448118227674533021e-02 2.014371808579176477e-04
1.552225357427047987e-02 1.407551578380145530e-04
1.663816886076127308e-02 1.730807440582110839e-05
1.783430876931909465e-02 6.171892159353903894e-07
1.911644075385699609e-02 8.509806147248851231e-08
2.049074689815846145e-02 4.074364755470484581e-10
2.196385372416546911e-02 7.077290095790684969e-10
2.354286414322415491e-02 1.511914747940656077e-11
2.523539170434765944e-02 3.098934054087422146e-15
2.704959730463131484e-02 2.222109052915106876e-14
2.899422853882875281e-02 2.242358906049647094e-15
3.107866187782013997e-02 8.100837342481329825e-16
3.331294787934670210e-02 1.021847082477764592e-17
3.570785964900462933e-02 3.845862504423176507e-18
3.827494478516307169e-02 1.648071514616224216e-19
4.102658105827190066e-02 3.167646849102251329e-22
4.397603609302721400e-02 1.248131148591140425e-25
4.713753134116719506e-02 4.887224415967470177e-25
5.052631065335679711e-02 2.256745156034915762e-26
5.415871378079464837e-02 8.794778598966359391e-28
5.805225516094895954e-02 8.368457597802533822e-30
6.222570836730231120e-02 9.242043134135252697e-31
6.669919663030114687e-02 2.180677116019533120e-33
7.149428986597576585e-02 1.189806969879271114e-37
7.663410868007446142e-02 1.328147603718413418e-36
8.214343584919421570e-02 3.636137241237658986e-38
8.804883581643464796e-02 3.401999780852484190e-40
9.437878277775371694e-02 6.203988647340487454e-42
1.011637979766207007e-01 2.248134779068454212e-45
1.084365968689608717e-01 9.171821173196032432e-48
1.162322468679851811e-01 8.839355393509141073e-51
1.245883364295008178e-01 2.187857649513285158e-50
1.335451562929897418e-01 2.404752578414003083e-52
1.431458937523478470e-01 1.027907353636606492e-54
1.534368408930009975e-01 2.336015121232335724e-57
1.644676177994662813e-01 2.050476912401630335e-59
1.762914118095947891e-01 1.940681789663323577e-63
1.889652339691207661e-01 2.199730083089389065e-65
2.025501939230666404e-01 1.837302154233626643e-66
2.171117945694500950e-01 1.086706887278978555e-69
2.327202478960407328e-01 5.266434560973355748e-73
2.494508135230316670e-01 1.792157903822899256e-74
2.673841615839944175e-01 3.503651905060464277e-77
2.866067616948250185e-01 1.443578577764672777e-79
3.072112998861752931e-01 2.307631279433522095e-82
3.292971255097147942e-01 4.931145404915366299e-85
3.529707302730650254e-01 9.494900310194594862e-90
3.783462617131925221e-01 4.277835374776697510e-93
4.055460735840827891e-01 3.995180104483904726e-95
4.347013158125017651e-01 4.423052360843908693e-97
4.659525668664677434e-01 3.378193562133258766e-100
4.994505115855140120e-01 2.693175025991037215e-103
5.353566677410719343e-01 1.151211313566075168e-106
5.738441648302392561e-01 1.590218049388159551e-112
6.150985788580504154e-01 7.900664210563158109e-113
6.593188271333542128e-01 2.973582543146884229e-115
7.067181273927490848e-01 7.270756560967107555e-119
7.575250258771905054e-01 2.773171424716753641e-122
8.119844993184008874e-01 1.485387023054231397e-125
8.703591361485165656e-01 8.639427937263891862e-131
9.329304026284677143e-01 1.287261371801029643e-133
1.000000000000000000e+00 1.507921159463412523e-135
