# Posterior distribution for f, given N = 1 merger events in ET. PBH Mass: 10.0 M_sunPrior: log-flat
# Columns: f, P(f|N)
9.999999999999999547e-07 1.974915720487520503e+03
1.071891319205128528e-06 2.116553799884023192e+03
1.148951000187308475e-06 2.268295517064225351e+03
1.231550603292826123e-06 2.430848999893757991e+03
1.320088400831416760e-06 2.604969076030001361e+03
1.414991297434575852e-06 2.791459661490224789e+03
1.516716888470924146e-06 2.991176098978995014e+03
1.625755666443793459e-06 3.205027391938607252e+03
1.742633386009650705e-06 3.433978265126641418e+03
1.867913599020780929e-06 3.679050963827893156e+03
2.002200371815584564e-06 3.941326680820684487e+03
2.146141197858405979e-06 4.221946472046657618e+03
2.300430119772916844e-06 4.522111487517134265e+03
2.465811075822603893e-06 4.843082302090951998e+03
2.643081486974102836e-06 5.186177079943774515e+03
2.833096101839324281e-06 5.552768245171318995e+03
3.036771118035460538e-06 5.944277257185667622e+03
3.255088599835056550e-06 6.362167001344319942e+03
3.489101213406773843e-06 6.807931200434989478e+03
3.739937302478793814e-06 7.283080129043618399e+03
4.008806328898464506e-06 7.789121768403999340e+03
4.297004704320844031e-06 8.327537372443328422e+03
4.605922041145103558e-06 8.899750225592726565e+03
4.937047852839003774e-06 9.507086160182780077e+03
5.291978735958436362e-06 1.015072416890833665e+04
5.672426068491977286e-06 1.083163520253815295e+04
6.080224261649427418e-06 1.155050699678766250e+04
6.517339604882419798e-06 1.230765254481974807e+04
6.985879746785248997e-06 1.310289965382913215e+04
7.488103857590030710e-06 1.393545894114942530e+04
8.026433522257174640e-06 1.480376770267647407e+04
8.603464416684508890e-06 1.570530741522354765e+04
9.221978823334321272e-06 1.663639333784534028e+04
9.884959046625586455e-06 1.759193591658279547e+04
1.059560179277614854e-05 1.856517567647130636e+04
1.135733358343105172e-05 1.954739625070212060e+04
1.217382727739661976e-05 2.052762443027929839e+04
1.304901978014401602e-05 2.149233190971450676e+04
1.398713102647238687e-05 2.242516100980158080e+04
1.499268432786047117e-05 2.330670621250282784e+04
1.607052818261638468e-05 2.411439473075772185e+04
1.722585965398787565e-05 2.482252200314870788e+04
1.846424942895542385e-05 2.540251070353010437e+04
1.979166867853557454e-05 2.582347235219920185e+04
2.121451784910627868e-05 2.605315538777142137e+04
2.273965752357927516e-05 2.605935762696507300e+04
2.437444150122221616e-05 2.581185808994720719e+04
2.612675225563326344e-05 2.528487626514192743e+04
2.800503894183631128e-05 2.445999008684077126e+04
3.001835813575592089e-05 2.332933505030771266e+04
3.217641750250735676e-05 2.189877160001404627e+04
3.448962260405759859e-05 2.019056407206326912e+04
3.696912707195024335e-05 1.824499561798065406e+04
3.962688638701478144e-05 1.612029849766399821e+04
4.247571552536893796e-05 1.389036416761596411e+04
4.552935074866947907e-05 1.163995862595267317e+04
4.880251583654433487e-05 9.457614248500989561e+03
5.231099308056257952e-05 7.426943166534023476e+03
5.607169938205458130e-05 5.617682656511895402e+03
6.010276782070387642e-05 4.078142400957540758e+03
6.442363508721369713e-05 2.830680650630583841e+03
6.905513520162330260e-05 1.871291927441457801e+03
7.401959996915637120e-05 1.173426876090346923e+03
7.934096665797492082e-05 6.950704391789433885e+02
8.504489341802668747e-05 3.872736586736025401e+02
9.115888299750818402e-05 2.020952672698772972e+02
9.771241535346501675e-05 9.834715621721663581e+01
1.047370897959449686e-04 4.443753436707648063e+01
1.122667773510813578e-04 1.856275649553479923e+01
1.203377840777589337e-04 7.138018524811876375e+00
1.289890261253308021e-04 2.516048407297829748e+00
1.382622173764654864e-04 8.095853298769984940e-01
1.482020705798858503e-04 2.368340561483877615e-01
1.588565129428052810e-04 6.273993239420366796e-02
1.702769172225899476e-04 1.499312706054380627e-02
1.825183494319042592e-04 3.220116326425584343e-03
1.956398343517062703e-04 6.193278071570808936e-04
2.097046401323232709e-04 1.063004993286380571e-04
2.247805833548725178e-04 1.622820454818290733e-05
2.409403560239524325e-04 2.196545323522360811e-06
2.582618760682674902e-04 2.627955423529371083e-07
2.768286630392063972e-04 2.771002308509826225e-08
2.967302408188869536e-04 2.567962527781860792e-09
3.180625692794118915e-04 2.086044156312108542e-10
3.409285069746810937e-04 1.481661669936526696e-11
3.654383070957254701e-04 9.179730683690580133e-13
3.917101490809256391e-04 4.949793259693842804e-14
4.198707084443910179e-04 2.317912644700446388e-15
4.500557675700497698e-04 9.407887202979273801e-17
4.824108704165368721e-04 3.303389498594944940e-18
5.170920242896755517e-04 1.001713423597265986e-19
5.542664520663101490e-04 2.619045724742628851e-21
5.941133984965033281e-04 5.895437164954745718e-23
6.368249944718586218e-04 1.140982713833055913e-24
6.826071834272385728e-04 1.896315387789236404e-26
7.316807143427192690e-04 2.703668102307286904e-28
7.842822061337682274e-04 3.303836392936582905e-30
8.406652885618325121e-04 3.457719665631453872e-32
9.011018251665018231e-04 3.097625930820682714e-34
9.658832241158698054e-04 2.374556190845087016e-36
1.035321843295661671e-03 1.557358103731249860e-38
1.109752496412072130e-03 8.739484240919040761e-41
1.189534067370319513e-03 4.197814616942713266e-43
1.275051240713012809e-03 1.726913747498922636e-45
1.366716356462005988e-03 6.090187406949166539e-48
1.464971398307284749e-03 1.843536641474257543e-50
1.570290124729377445e-03 4.797799100244651294e-53
1.683180353330956556e-03 1.075680903771270947e-55
1.804186409392071833e-03 2.082793758831278139e-58
1.933891750455230159e-03 3.493036903049372325e-61
2.072921779595369735e-03 5.091458143324824925e-64
2.221946860939523916e-03 6.475561992117484263e-67
2.381685551976158062e-03 7.218669300415947560e-70
2.552908068239516468e-03 7.088700000616136865e-73
2.736439997074669155e-03 6.166319456595765316e-76
2.933166278390042427e-03 4.780582341177509292e-79
3.144035471591500111e-03 3.324936178989527551e-82
3.370064329271928172e-03 2.089127891259283771e-85
3.612342699709430310e-03 1.194533345945950547e-88
3.872038781812553020e-03 6.262497556942749485e-92
4.150404757850472380e-03 3.033270848871996247e-95
4.448782831127585241e-03 1.367586592128005368e-98
4.768611697714469390e-03 5.781491704404893057e-102
5.111433483440165799e-03 2.307544894858704115e-105
5.478901179593939109e-03 8.750258765727286377e-109
5.872786613189477124e-03 3.170117372532873220e-112
6.294988990221887619e-03 1.102484540974071661e-115
6.747544053110693212e-03 3.694623323495250492e-119
7.232633896483533706e-03 1.196479603346951688e-122
7.752597488629456302e-03 3.751395263919194481e-126
8.309941949353387078e-03 1.139834409779332542e-129
8.907354638610439843e-03 3.356498121864359702e-133
9.547716114208055702e-03 9.572579738165963856e-137
1.023411402105452693e-02 2.640520992340124167e-140
1.096985797892384082e-02 7.031682675655354166e-144
1.175849554052155709e-02 1.803648621179455599e-147
1.260382929679727468e-02 4.444810065875499668e-151
1.350993521198025175e-02 1.049453009537947762e-154
1.448118227674533021e-02 2.367182244704352972e-158
1.552225357427047987e-02 5.086154253794184067e-162
1.663816886076127308e-02 1.037933721900498049e-165
1.783430876931909465e-02 2.005975416848427965e-169
1.911644075385699609e-02 3.661379227791727181e-173
2.049074689815846145e-02 6.294443245553170015e-177
2.196385372416546911e-02 1.016585101380976109e-180
2.354286414322415491e-02 1.538646568159722799e-184
2.523539170434765944e-02 2.177385122687608254e-188
2.704959730463131484e-02 2.874648777999757654e-192
2.899422853882875281e-02 3.533454486708655699e-196
3.107866187782013997e-02 4.036001869563300835e-200
3.331294787934670210e-02 4.276332399613733273e-204
3.570785964900462933e-02 4.196126496099121294e-208
3.827494478516307169e-02 3.807389035849386986e-212
4.102658105827190066e-02 3.190108943452139002e-216
4.397603609302721400e-02 2.465086850323078179e-220
4.713753134116719506e-02 1.754705818596062359e-224
5.052631065335679711e-02 1.149380527767958812e-228
5.415871378079464837e-02 6.921415861603693292e-233
5.805225516094895954e-02 3.828431771817267408e-237
6.222570836730231120e-02 1.943574328525383931e-241
6.669919663030114687e-02 9.049578514787276015e-246
7.149428986597576585e-02 3.862119322720075965e-250
7.663410868007446142e-02 1.509886171485782844e-254
8.214343584919421570e-02 5.404560024016727592e-259
8.804883581643464796e-02 1.770408913386632923e-263
9.437878277775371694e-02 5.305231221620990458e-268
1.011637979766207007e-01 1.453756934426391462e-272
1.084365968689608717e-01 3.641600829798520664e-277
1.162322468679851811e-01 8.336381513508914870e-282
1.245883364295008178e-01 1.743544192946526368e-286
1.335451562929897418e-01 3.330859219461779704e-291
1.431458937523478470e-01 5.811074209227904362e-296
1.534368408930009975e-01 9.256614787411425477e-301
1.644676177994662813e-01 1.346081129572077132e-305
1.762914118095947891e-01 1.786690094018623214e-310
1.889652339691207661e-01 2.179505745571986008e-315
2.025501939230666404e-01 0.000000000000000000e+00
2.171117945694500950e-01 0.000000000000000000e+00
2.327202478960407328e-01 0.000000000000000000e+00
2.494508135230316670e-01 0.000000000000000000e+00
2.673841615839944175e-01 0.000000000000000000e+00
2.866067616948250185e-01 0.000000000000000000e+00
3.072112998861752931e-01 0.000000000000000000e+00
3.292971255097147942e-01 0.000000000000000000e+00
3.529707302730650254e-01 0.000000000000000000e+00
3.783462617131925221e-01 0.000000000000000000e+00
4.055460735840827891e-01 0.000000000000000000e+00
4.347013158125017651e-01 0.000000000000000000e+00
4.659525668664677434e-01 0.000000000000000000e+00
4.994505115855140120e-01 0.000000000000000000e+00
5.353566677410719343e-01 0.000000000000000000e+00
5.738441648302392561e-01 0.000000000000000000e+00
6.150985788580504154e-01 0.000000000000000000e+00
6.593188271333542128e-01 0.000000000000000000e+00
7.067181273927490848e-01 0.000000000000000000e+00
7.575250258771905054e-01 0.000000000000000000e+00
8.119844993184008874e-01 0.000000000000000000e+00
8.703591361485165656e-01 0.000000000000000000e+00
9.329304026284677143e-01 0.000000000000000000e+00
1.000000000000000000e+00 0.000000000000000000e+00
