# Posterior distribution for f, given N merger events. PBH Mass: 0.5 M_sun
# Columns: f, P(f|N=10)
9.999999999999999547e-07 1.036676021202365041e-79
1.071891319205128528e-06 4.155830943878806953e-79
1.148951000187308475e-06 1.665991083186497988e-78
1.231550603292826123e-06 6.678631049453703472e-78
1.320088400831416760e-06 2.677331881819486926e-77
1.414991297434575852e-06 1.073289654422787263e-76
1.516716888470924146e-06 4.302606717456879327e-76
1.625755666443793459e-06 1.724830133616754209e-75
1.742633386009650705e-06 6.914503183172420756e-75
1.867913599020780929e-06 2.771887490454935295e-74
2.002200371815584564e-06 1.111194750713983550e-73
2.146141197858405979e-06 4.454559107454673465e-73
2.300430119772916844e-06 1.785744124658298514e-72
2.465811075822603893e-06 7.158692200877577859e-72
2.643081486974102836e-06 2.869776675815965398e-71
2.833096101839324281e-06 1.150435995140100425e-70
3.036771118035460538e-06 4.611866905365334160e-70
3.255088599835056550e-06 1.848804580057935606e-69
3.489101213406773843e-06 7.411484166726213560e-69
3.739937302478793814e-06 2.971113824743035025e-68
4.008806328898464506e-06 1.191059115088534425e-67
4.297004704320844031e-06 4.774712858550597732e-67
4.605922041145103558e-06 1.914084510281737498e-66
4.937047852839003774e-06 7.673170663029657397e-66
5.291978735958436362e-06 3.076015339011674661e-65
5.672426068491977286e-06 1.233110557584546868e-64
6.080224261649427418e-06 4.943282205083896474e-64
6.517339604882419798e-06 1.981657747726645137e-63
6.985879746785248997e-06 7.944045775417086398e-63
7.488103857590030710e-06 3.184598268551861129e-62
8.026433522257174640e-06 1.276636869775927396e-61
8.603464416684508890e-06 5.117759865876993890e-61
9.221978823334321272e-06 2.051597674034102463e-60
9.884959046625586455e-06 8.224400323539441503e-60
1.059560179277614854e-05 3.296977695583648172e-59
1.135733358343105172e-05 1.321683512546886820e-58
1.217382727739661976e-05 5.298325062244853581e-58
1.304901978014401602e-05 2.123974777265233816e-57
1.398713102647238687e-05 8.514510769781733776e-57
1.499268432786047117e-05 3.413261696600749924e-56
1.607052818261638468e-05 1.368292571049225494e-55
1.722585965398787565e-05 5.485140906794495549e-55
1.846424942895542385e-05 2.198851917109762657e-54
1.979166867853557454e-05 8.814617671676757746e-54
2.121451784910627868e-05 3.533541531492146035e-53
2.273965752357927516e-05 1.416498285526218693e-52
2.437444150122221616e-05 5.678334035091030061e-52
2.612675225563326344e-05 2.276275037603576072e-51
2.800503894183631128e-05 9.124883315394832990e-51
3.001835813575592089e-05 3.657872308172105764e-50
3.217641750250735676e-05 1.466318223106761527e-49
3.448962260405759859e-05 5.877954280498878357e-49
3.696912707195024335e-05 2.356254740045315925e-48
3.962688638701478144e-05 9.445307477999700348e-48
4.247571552536893796e-05 3.786234459686615024e-47
4.552935074866947907e-05 1.517735654590261057e-46
4.880251583654433487e-05 6.083894025479058457e-46
5.231099308056257952e-05 2.438729364225359214e-45
5.607169938205458130e-05 9.775558373179997625e-45
6.010276782070387642e-05 3.918456311348396653e-44
6.442363508721369713e-05 1.570664078344997051e-43
6.905513520162330260e-05 6.295725628510688620e-43
7.401959996915637120e-05 2.523490471630574708e-42
7.934096665797492082e-05 1.011463103160831258e-41
8.504489341802668747e-05 4.054057440030659049e-41
9.115888299750818402e-05 1.624875386455799290e-40
9.771241535346501675e-05 6.512371961914202163e-40
1.047370897959449686e-04 2.610031725283376100e-39
1.122667773510813578e-04 1.046015408655078443e-38
1.203377840777589337e-04 4.191930673447476353e-38
1.289890261253308021e-04 1.679853986624492616e-37
1.382622173764654864e-04 6.731437238783138341e-37
1.482020705798858503e-04 2.697241947464209657e-36
1.588565129428052810e-04 1.080698201985907734e-35
1.702769172225899476e-04 4.329696542033283379e-35
1.825183494319042592e-04 1.734500837431086375e-34
1.956398343517062703e-04 6.947850462704180506e-34
2.097046401323232709e-04 2.782783552163408765e-33
2.247805833548725178e-04 1.114434830555914227e-32
2.409403560239524325e-04 4.462400017437667510e-32
2.582618760682674902e-04 1.786537175157339598e-31
2.768286630392063972e-04 7.151139215574765918e-31
2.967302408188869536e-04 2.861847111200956669e-30
3.180625692794118915e-04 1.145018125351942444e-29
3.409285069746810937e-04 4.579919177794819935e-29
3.654383070957254701e-04 1.831324711230887529e-28
3.917101490809256391e-04 7.320066437369497241e-28
4.198707084443910179e-04 2.924717706230703022e-27
4.500557675700497698e-04 1.168008428522845728e-26
4.824108704165368721e-04 4.661987782928122176e-26
5.170920242896755517e-04 1.859623974290044017e-25
5.542664520663101490e-04 7.412569539112098115e-25
5.941133984965033281e-04 2.952277862659237127e-24
6.368249944718586218e-04 1.174733220766556245e-23
6.826071834272385728e-04 4.669348924972798548e-23
7.316807143427192690e-04 1.853709534601301995e-22
7.842822061337682274e-04 7.348846282497062444e-22
8.406652885618325121e-04 2.908720608700399832e-21
9.011018251665018231e-04 1.149189061000463555e-20
9.658832241158698054e-04 4.530804960294052240e-20
1.035321843295661671e-03 1.782076290363987912e-19
1.109752496412072130e-03 6.990366405888807699e-19
1.189534067370319513e-03 2.733588249314311736e-18
1.275051240713012809e-03 1.065225582963989754e-17
1.366716356462005988e-03 4.134453224672616164e-17
1.464971398307284749e-03 1.597459535000401247e-16
1.570290124729377445e-03 6.140681323905500638e-16
1.683180353330956556e-03 2.346863913480095110e-15
1.804186409392071833e-03 8.910902365347022347e-15
1.933891750455230159e-03 3.358627728601629506e-14
2.072921779595369735e-03 1.255501319465263193e-13
2.221946860939523916e-03 4.650076861032123695e-13
2.381685551976158062e-03 1.704617271555166255e-12
2.552908068239516468e-03 6.177572728462446634e-12
2.736439997074669155e-03 2.210546052201297740e-11
2.933166278390042427e-03 7.800232088868477112e-11
3.144035471591500111e-03 2.710507981445413001e-10
3.370064329271928172e-03 9.262264643426099808e-10
3.612342699709430310e-03 3.108003006288073311e-09
3.872038781812553020e-03 1.022615719006463162e-08
4.150404757850472380e-03 3.294451860352389886e-08
4.448782831127585241e-03 1.037719390192268817e-07
4.768611697714469390e-03 3.191627966861785700e-07
5.111433483440165799e-03 9.572417245072878941e-07
5.478901179593939109e-03 2.796333202018919932e-06
5.872786613189477124e-03 7.947673710301200549e-06
6.294988990221887619e-03 2.195577899759503627e-05
6.747544053110693212e-03 5.890303553175359360e-05
7.232633896483533706e-03 1.533468303254553972e-04
7.752597488629456302e-03 3.871413934532405001e-04
8.309941949353387078e-03 9.472519595022841320e-04
8.907354638610439843e-03 2.245077903118247991e-03
9.547716114208055702e-03 5.151720479849814655e-03
1.023411402105452693e-02 1.143982908196542435e-02
1.096985797892384082e-02 2.457096047449492879e-02
1.175849554052155709e-02 5.101971684317007510e-02
1.260382929679727468e-02 1.023593728760596733e-01
1.350993521198025175e-02 1.983024784736785728e-01
1.448118227674533021e-02 3.707234338315540390e-01
1.552225357427047987e-02 6.683047313613973417e-01
1.663816886076127308e-02 1.160787493340442067e+00
1.783430876931909465e-02 1.940911638070305756e+00
1.911644075385699609e-02 3.121232423198936790e+00
2.049074689815846145e-02 4.822579707823366313e+00
2.196385372416546911e-02 7.151663055011338699e+00
2.354286414322415491e-02 1.016784543421484877e+01
2.523539170434765944e-02 1.384352496709070302e+01
2.704959730463131484e-02 1.802796582432292638e+01
2.899422853882875281e-02 2.242866670100046633e+01
3.107866187782013997e-02 2.662455342171258010e+01
3.331294787934670210e-02 3.011915256544508424e+01
3.570785964900462933e-02 3.242953798899779372e+01
3.827494478516307169e-02 3.319185874031528982e+01
4.102658105827190066e-02 3.225312414231532188e+01
4.397603609302721400e-02 2.971812648508138466e+01
4.713753134116719506e-02 2.593257889591994925e+01
5.052631065335679711e-02 2.140506732579599714e+01
5.415871378079464837e-02 1.669222182678046096e+01
5.805225516094895954e-02 1.228365528917506921e+01
6.222570836730231120e-02 8.520330510618691733e+00
6.669919663030114687e-02 5.564305547369218452e+00
7.149428986597576585e-02 3.417536161355754665e+00
7.663410868007446142e-02 1.971954262152965098e+00
8.214343584919421570e-02 1.067845627034693434e+00
8.804883581643464796e-02 5.421344693326640707e-01
9.437878277775371694e-02 2.577889399982775664e-01
1.011637979766207007e-01 1.147004010084172188e-01
1.084365968689608717e-01 4.770968617073614165e-02
1.162322468679851811e-01 1.827673932613403662e-02
1.245883364295008178e-01 6.556539422034553255e-03
1.335451562929897418e-01 2.246467770257168199e-03
1.431458937523478470e-01 7.379490959575844399e-04
1.534368408930009975e-01 2.251670892723658880e-04
1.644676177994662813e-01 6.076699865226853998e-05
1.762914118095947891e-01 1.411239007963924548e-05
1.889652339691207661e-01 2.915194638193440179e-06
2.025501939230666404e-01 6.021434061670301701e-07
2.171117945694500950e-01 1.377854460288678515e-07
2.327202478960407328e-01 3.238806438865506496e-08
2.494508135230316670e-01 6.697207631707686111e-09
2.673841615839944175e-01 1.104106386431937891e-09
2.866067616948250185e-01 1.382947692742305112e-10
3.072112998861752931e-01 1.291989903229238041e-11
3.292971255097147942e-01 9.629646560009493980e-13
3.529707302730650254e-01 8.540414683173981749e-14
3.783462617131925221e-01 1.373434422216118609e-14
4.055460735840827891e-01 2.550111323807524028e-15
4.347013158125017651e-01 3.859730024512589866e-16
4.659525668664677434e-01 4.379278750802571915e-17
4.994505115855140120e-01 3.593211253680150686e-18
5.353566677410719343e-01 2.061246204374917469e-19
5.738441648302392561e-01 7.968436079549158186e-21
6.150985788580504154e-01 1.993750524303348871e-22
6.593188271333542128e-01 3.097400133428486140e-24
7.067181273927490848e-01 3.162057132514824015e-26
7.575250258771905054e-01 1.024369711947874152e-27
8.119844993184008874e-01 1.764720125849218658e-28
8.703591361485165656e-01 2.700013255368403541e-29
9.329304026284677143e-01 3.091075043199054289e-30
1.000000000000000000e+00 2.564649528986738115e-31
