## Posterior distribution for f, given N = 100.0 radio-detected PBHs. PBH Mass: 100M_sun
#M_sunPrior: jeffreys
## Columns: f, P(f|N)
1e-07	 9.75859133263e-41
1.01392540756e-07	 9.84271930964e-41
1.02804473209e-07	 9.92775175437e-41
1.04236067398e-07	 1.00137021266e-40
1.05687597118e-07	 1.01005841555e-40
1.07159339982e-07	 1.01884118457e-40
1.08651577465e-07	 1.02771994845e-40
1.10164594963e-07	 1.03669616485e-40
1.11698681847e-07	 1.04577132109e-40
1.13254131515e-07	 1.05494693483e-40
1.14831241454e-07	 1.06422455488e-40
1.16430313292e-07	 1.07360576196e-40
1.18051652857e-07	 1.08309216944e-40
1.19695570236e-07	 1.09268542422e-40
1.21362379834e-07	 1.10238720753e-40
1.23052400436e-07	 1.11219923581e-40
1.24765955263e-07	 1.12212326159e-40
1.2650337204e-07	 1.13216107437e-40
1.28264983053e-07	 1.14231450164e-40
1.30051125217e-07	 1.15258540975e-40
1.31862140139e-07	 1.16297570496e-40
1.33698374182e-07	 1.17348733446e-40
1.35560178533e-07	 1.18412228741e-40
1.37447909268e-07	 1.19488259599e-40
1.39361927422e-07	 1.20577033659e-40
1.4130259906e-07	 1.21678763089e-40
1.43270295341e-07	 1.22793664706e-40
1.45265392595e-07	 1.23921960099e-40
1.47288272391e-07	 1.25063875753e-40
1.49339321612e-07	 1.26219643177e-40
1.5141893253e-07	 1.2738949904e-40
1.53527502878e-07	 1.28573685304e-40
1.55665435927e-07	 1.29772449366e-40
1.57833140565e-07	 1.30986044206e-40
1.60031031374e-07	 1.3221472853e-40
1.62259528708e-07	 1.33458766933e-40
1.64519058775e-07	 1.3471843005e-40
1.6681005372e-07	 1.35993994724e-40
1.69132951703e-07	 1.37285744173e-40
1.71488196987e-07	 1.38593968165e-40
1.73876240022e-07	 1.39918963195e-40
1.76297537529e-07	 1.41261032675e-40
1.7875255259e-07	 1.42620487117e-40
1.81241754737e-07	 1.43997644339e-40
1.83765620039e-07	 1.45392829658e-40
1.86324631193e-07	 1.46806376107e-40
1.88919277621e-07	 1.48238624647e-40
1.91550055557e-07	 1.49689924391e-40
1.94217468149e-07	 1.51160632833e-40
1.96922025548e-07	 1.52651116087e-40
1.99664245011e-07	 1.54161749128e-40
2.02444650998e-07	 1.5569291605e-40
2.05263775271e-07	 1.57245010323e-40
2.08122156999e-07	 1.58818435064e-40
2.11020342857e-07	 1.60413603314e-40
2.13958887134e-07	 1.62030938326e-40
2.16938351839e-07	 1.63670873864e-40
2.19959306803e-07	 1.65333854505e-40
2.23022329797e-07	 1.67020335959e-40
2.26128006634e-07	 1.68730785396e-40
2.29276931287e-07	 1.70465681782e-40
2.32469705999e-07	 1.72225516233e-40
2.357069414e-07	 1.7401079237e-40
2.38989256623e-07	 1.75822026697e-40
2.42317279424e-07	 1.77659748987e-40
2.45691646298e-07	 1.7952450268e-40
2.49113002607e-07	 1.81416845295e-40
2.52582002696e-07	 1.83337348858e-40
2.56099310026e-07	 1.85286600347e-40
2.59665597293e-07	 1.87265202143e-40
2.63281546565e-07	 1.89273772508e-40
2.66947849403e-07	 1.91312946072e-40
2.70665207003e-07	 1.93383374339e-40
2.74434330323e-07	 1.95485726216e-40
2.78255940221e-07	 1.97620688549e-40
2.82130767594e-07	 1.99788966691e-40
2.86059553518e-07	 2.0199128508e-40
2.90043049386e-07	 2.04228387845e-40
2.94082017059e-07	 2.06501039429e-40
2.98177229002e-07	 2.08810025235e-40
3.02329468441e-07	 2.11156152299e-40
3.06539529506e-07	 2.13540249984e-40
3.10808217387e-07	 2.15963170697e-40
3.15136348487e-07	 2.18425790641e-40
3.19524750576e-07	 2.20929010584e-40
3.23974262953e-07	 2.23473756662e-40
3.28485736603e-07	 2.26060981217e-40
3.33060034362e-07	 2.28691663651e-40
3.37698031083e-07	 2.31366811328e-40
3.42400613797e-07	 2.34087460501e-40
3.47168681893e-07	 2.36854677276e-40
3.5200314728e-07	 2.39669558613e-40
3.56904934568e-07	 2.42533233365e-40
3.61874981241e-07	 2.45446863354e-40
3.6691423784e-07	 2.48411644494e-40
3.72023668141e-07	 2.51428807949e-40
3.77204249342e-07	 2.54499621347e-40
3.82456972247e-07	 2.57625390028e-40
3.87782841459e-07	 2.60807458354e-40
3.93182875571e-07	 2.64047211057e-40
3.98658107358e-07	 2.67346074652e-40
4.0420958398e-07	 2.70705518897e-40
4.09838367176e-07	 2.74127058319e-40
4.15545533472e-07	 2.7761225379e-40
4.21332174385e-07	 2.81162714178e-40
4.27199396631e-07	 2.84780098058e-40
4.33148322338e-07	 2.8846611549e-40
4.3918008926e-07	 2.92222529875e-40
4.45295850994e-07	 2.96051159883e-40
4.51496777204e-07	 2.99953881461e-40
4.57784053838e-07	 3.03932629923e-40
4.64158883361e-07	 3.07989402127e-40
4.70622484984e-07	 3.12126258742e-40
4.77176094894e-07	 3.1634532661e-40
4.83820966493e-07	 3.20648801204e-40
4.90558370637e-07	 3.25038949195e-40
4.97389595879e-07	 3.29518111124e-40
5.04315948717e-07	 3.34088704186e-40
5.11338753841e-07	 3.38753225136e-40
5.18459354389e-07	 3.43514253316e-40
5.25679112202e-07	 3.48374453817e-40
5.32999408084e-07	 3.53336580773e-40
5.40421642071e-07	 3.58403480801e-40
5.4794723369e-07	 3.63578096591e-40
5.5557762224e-07	 3.6886347065e-40
5.6331426706e-07	 3.74262749216e-40
5.71158647813e-07	 3.79779186342e-40
5.79112264764e-07	 3.85416148163e-40
5.87176639073e-07	 3.91177117352e-40
5.95353313081e-07	 3.97065697777e-40
6.03643850608e-07	 4.03085619369e-40
6.12049837248e-07	 4.0924074321e-40
6.20572880678e-07	 4.15535066851e-40
6.29214610961e-07	 4.21972729875e-40
6.37976680861e-07	 4.28558019717e-40
6.46860766155e-07	 4.35295377749e-40
6.55868565957e-07	 4.42189405652e-40
6.65001803043e-07	 4.4924487208e-40
6.74262224178e-07	 4.56466719642e-40
6.83651600451e-07	 4.63860072207e-40
6.93171727616e-07	 4.71430242562e-40
7.02824426431e-07	 4.79182740425e-40
7.12611543011e-07	 4.87123280849e-40
7.22534949179e-07	 4.95257793026e-40
7.32596542822e-07	 5.03592429516e-40
7.42798248256e-07	 5.12133575922e-40
7.53142016597e-07	 5.20887861042e-40
7.63629826128e-07	 5.29862167513e-40
7.74263682681e-07	 5.39063642979e-40
7.8504562002e-07	 5.48499711818e-40
7.95977700231e-07	 5.58178087442e-40
8.07062014115e-07	 5.68106785223e-40
8.18300681587e-07	 5.78294136055e-40
8.29695852083e-07	 5.88748800615e-40
8.41249704974e-07	 5.99479784338e-40
8.52964449974e-07	 6.10496453158e-40
8.64842327573e-07	 6.21808550054e-40
8.76885609459e-07	 6.33426212456e-40
8.89096598953e-07	 6.45359990542e-40
9.01477631452e-07	 6.57620866495e-40
9.14031074876e-07	 6.70220274763e-40
9.26759330115e-07	 6.8317012339e-40
9.39664831495e-07	 6.96482816464e-40
9.52750047243e-07	 7.10171277776e-40
9.66017479952e-07	 7.24248975719e-40
9.7946966707e-07	 7.38729949548e-40
9.93109181375e-07	 7.53628837041e-40
1.00693863148e-06	 7.68960903666e-40
1.02096066231e-06	 7.84742073342e-40
1.03517795563e-06	 8.00988960883e-40
1.04959323056e-06	 8.17718906235e-40
1.06420924406e-06	 8.34950010606e-40
1.07902879152e-06	 8.5270117461e-40
1.09405470721e-06	 8.70992138554e-40
1.1092898649e-06	 8.89843524985e-40
1.12473717836e-06	 9.09276883655e-40
1.14039960197e-06	 9.2931473904e-40
1.15628013121e-06	 9.49980640581e-40
1.17238180329e-06	 9.71299215819e-40
1.18870769771e-06	 9.93296226601e-40
1.20526093687e-06	 1.01599862856e-39
1.22204468663e-06	 1.03943463408e-39
1.23906215695e-06	 1.06363377893e-39
1.25631660247e-06	 1.08862699292e-39
1.27381132319e-06	 1.11444667466e-39
1.29154966501e-06	 1.14112677086e-39
1.30953502048e-06	 1.16870286038e-39
1.32777082936e-06	 1.19721224335e-39
1.3462605793e-06	 1.22669403574e-39
1.36500780655e-06	 1.25718926966e-39
1.38401609657e-06	 1.28874099992e-39
1.40328908479e-06	 1.32139441709e-39
1.42283045721e-06	 1.3551969676e-39
1.44264395122e-06	 1.39019848148e-39
1.4627333562e-06	 1.42645130791e-39
1.48310251434e-06	 1.4640104596e-39
1.5037553213e-06	 1.50293376613e-39
1.52469572702e-06	 1.54328203729e-39
1.54592773642e-06	 1.58511923679e-39
1.56745541021e-06	 1.62851266733e-39
1.58928286562e-06	 1.67353316764e-39
1.61141427725e-06	 1.72025532245e-39
1.63385387781e-06	 1.76875768635e-39
1.65660595895e-06	 1.81912302237e-39
1.67967487209e-06	 1.87143855658e-39
1.70306502925e-06	 1.92579624967e-39
1.72678090388e-06	 1.9822930869e-39
1.75082703174e-06	 2.04103138774e-39
1.77520801172e-06	 2.10211913654e-39
1.79992850678e-06	 2.165670336e-39
1.82499324482e-06	 2.23180538503e-39
1.85040701954e-06	 2.30065148286e-39
1.87617469144e-06	 2.37234306132e-39
1.90230118867e-06	 2.44702224765e-39
1.92879150802e-06	 2.52483935997e-39
1.95565071587e-06	 2.60595343795e-39
1.98288394913e-06	 2.69053281163e-39
2.01049641626e-06	 2.77875571108e-39
2.03849339825e-06	 2.87081092028e-39
2.06688024963e-06	 2.96689847873e-39
2.09566239948e-06	 3.06723043446e-39
2.1248453525e-06	 3.17203165268e-39
2.15443469003e-06	 3.28154068446e-39
2.18443607115e-06	 3.39601070035e-39
2.21485523373e-06	 3.51571049418e-39
2.24569799554e-06	 3.64092556286e-39
2.27697025538e-06	 3.77195926832e-39
2.30867799419e-06	 3.90913408857e-39
2.34082727618e-06	 4.05279296514e-39
2.37342425002e-06	 4.20330075507e-39
2.40647515002e-06	 4.36104579628e-39
2.43998629726e-06	 4.52644159594e-39
2.47396410089e-06	 4.69992865229e-39
2.50841505928e-06	 4.88197642148e-39
2.5433457613e-06	 5.07308544186e-39
2.57876288759e-06	 5.2737896295e-39
2.6146732118e-06	 5.48465875991e-39
2.65108360191e-06	 5.70630115232e-39
2.68800102154e-06	 5.93936657454e-39
2.72543253128e-06	 6.18454938801e-39
2.76338529005e-06	 6.44259195459e-39
2.80186655646e-06	 6.71428832878e-39
2.84088369018e-06	 7.00048826128e-39
2.8804441534e-06	 7.30210154226e-39
2.92055551218e-06	 7.62010271578e-39
2.96122543799e-06	 7.95553619952e-39
3.00246170909e-06	 8.30952184772e-39
3.04427221206e-06	 8.68326099885e-39
3.08666494334e-06	 9.07804305368e-39
3.12964801067e-06	 9.49525263419e-39
3.17322963473e-06	 9.93637737887e-39
3.21741815068e-06	 1.04030164354e-38
3.26222200971e-06	 1.08968897185e-38
3.30764978074e-06	 1.14198480072e-38
3.353710152e-06	 1.19738839643e-38
3.4004119327e-06	 1.25611441682e-38
3.44776405473e-06	 1.31839422586e-38
3.49577557436e-06	 1.38447733069e-38
3.54445567397e-06	 1.45463295345e-38
3.5938136638e-06	 1.52915175156e-38
3.64385898376e-06	 1.60834770161e-38
3.6946012052e-06	 1.69256016365e-38
3.74605003275e-06	 1.78215614442e-38
3.79821530619e-06	 1.87753278037e-38
3.85110700233e-06	 1.97912006335e-38
3.90473523689e-06	 2.08738383455e-38
3.95911026647e-06	 2.20282907526e-38
4.0142424905e-06	 2.32600352597e-38
4.07014245322e-06	 2.45750166929e-38
4.1268208457e-06	 2.5979691159e-38
4.1842885079e-06	 2.74810743758e-38
4.24255643072e-06	 2.90867949626e-38
4.30163575811e-06	 3.08051532396e-38
4.36153778921e-06	 3.26451861482e-38
4.42227398051e-06	 3.46167389767e-38
4.48385594802e-06	 3.67305446608e-38
4.54629546953e-06	 3.89983115156e-38
4.60960448683e-06	 4.14328203647e-38
4.67379510799e-06	 4.40480321469e-38
4.73887960972e-06	 4.68592072136e-38
4.80487043966e-06	 4.98830376817e-38
4.87178021879e-06	 5.31377943751e-38
4.93962174388e-06	 5.66434900799e-38
5.00840798985e-06	 6.04220610563e-38
5.07815211233e-06	 6.4497568998e-38
5.14886745014e-06	 6.88964259066e-38
5.22056752785e-06	 7.36476446694e-38
5.29326605836e-06	 7.87831184887e-38
5.36697694554e-06	 8.43379327202e-38
5.44171428687e-06	 9.03507131475e-38
5.51749237613e-06	 9.68640152497e-38
5.59432570617e-06	 1.03924759628e-37
5.67222897164e-06	 1.11584719445e-37
5.75121707184e-06	 1.1990106653e-37
5.83130511353e-06	 1.28936983693e-37
5.91250841383e-06	 1.38762351835e-37
5.99484250319e-06	 1.49454521621e-37
6.0783231283e-06	 1.61099180832e-37
6.16296625513e-06	 1.73791330075e-37
6.24878807201e-06	 1.87636381299e-37
6.33580499266e-06	 2.02751395631e-37
6.42403365939e-06	 2.19266479387e-37
6.51349094627e-06	 2.37326359818e-37
6.60419396233e-06	 2.57092165288e-37
6.69616005485e-06	 2.78743438165e-37
6.7894068127e-06	 3.02480412856e-37
6.88395206965e-06	 3.28526596211e-37
6.97981390783e-06	 3.57131693077e-37
7.07701066118e-06	 3.88574926148e-37
7.17556091894e-06	 4.23168806744e-37
7.2754835292e-06	 4.61263421696e-37
7.37679760253e-06	 5.0325131154e-37
7.47952251562e-06	 5.495730268e-37
7.583677915e-06	 6.00723462626e-37
7.68928372076e-06	 6.57259087737e-37
7.79636013041e-06	 7.19806201908e-37
7.9049276227e-06	 7.89070377525e-37
8.01500696157e-06	 8.65847265632e-37
8.12661920009e-06	 9.51034975918e-37
8.23978568453e-06	 1.04564827411e-36
8.35452805838e-06	 1.15083488002e-36
8.47086826656e-06	 1.26789419609e-36
8.58882855955e-06	 1.39829885107e-36
8.70843149769e-06	 1.54371950764e-36
8.82969995549e-06	 1.70605345832e-36
8.952657126e-06	 1.88745762308e-36
9.07732652521e-06	 2.09038666657e-36
9.20373199662e-06	 2.31763707675e-36
9.33189771573e-06	 2.57239819229e-36
9.46184819472e-06	 2.85831133893e-36
9.59360828709e-06	 3.17953843883e-36
9.72720319245e-06	 3.54084169906e-36
9.86265846131e-06	 3.94767627194e-36
1e-05	 4.40629812096e-36
1.01392540756e-05	 4.9238897306e-36
1.02804473209e-05	 5.50870678089e-36
1.04236067398e-05	 6.17024948145e-36
1.05687597118e-05	 6.91946294551e-36
1.07159339982e-05	 7.76897180282e-36
1.08651577465e-05	 8.73335522931e-36
1.10164594963e-05	 9.82946974377e-36
1.11698681847e-05	 1.10768285268e-35
1.13254131515e-05	 1.24980477044e-35
1.14831241454e-05	 1.41193720653e-35
1.16430313292e-05	 1.59712951215e-35
1.18051652857e-05	 1.80892913575e-35
1.19695570236e-05	 2.05146820648e-35
1.21362379834e-05	 2.32956604327e-35
1.23052400436e-05	 2.64885067542e-35
1.24765955263e-05	 3.01590308723e-35
1.2650337204e-05	 3.43842866005e-35
1.28264983053e-05	 3.92546120893e-35
1.30051125217e-05	 4.48760613349e-35
1.31862140139e-05	 5.13733057029e-35
1.33698374182e-05	 5.88931010056e-35
1.35560178533e-05	 6.76084360181e-35
1.37447909268e-05	 7.77235031973e-35
1.39361927422e-05	 8.94796628148e-35
1.4130259906e-05	 1.0316260905e-34
1.43270295341e-05	 1.19110992414e-34
1.45265392595e-05	 1.37726809212e-34
1.47288272391e-05	 1.59487938122e-34
1.49339321612e-05	 1.84963289461e-34
1.5141893253e-05	 2.14831138315e-34
1.53527502878e-05	 2.49901343243e-34
1.55665435927e-05	 2.91142313934e-34
1.57833140565e-05	 3.39713791701e-34
1.60031031374e-05	 3.97006755666e-34
1.62259528708e-05	 4.64692077297e-34
1.64519058775e-05	 5.4477993175e-34
1.6681005372e-05	 6.39692455998e-34
1.69132951703e-05	 7.52352745288e-34
1.71488196987e-05	 8.8629403247e-34
1.73876240022e-05	 1.0457938386e-33
1.76297537529e-05	 1.2360390682e-33
1.7875255259e-05	 1.46332951281e-33
1.81241754737e-05	 1.73532910306e-33
1.83765620039e-05	 2.06137661763e-33
1.86324631193e-05	 2.45287054879e-33
1.88919277621e-05	 2.9237466112e-33
1.91550055557e-05	 3.49107118094e-33
1.94217468149e-05	 4.17578004752e-33
1.96922025548e-05	 5.00359961541e-33
1.99664245011e-05	 6.00619757083e-33
2.02444650998e-05	 7.18171504875e-33
2.05263775271e-05	 8.59510234999e-33
2.08122156999e-05	 1.03041415665e-32
2.11020342857e-05	 1.23741684198e-32
2.13958887134e-05	 1.48856993353e-32
2.16938351839e-05	 1.79381255606e-32
2.19959306803e-05	 2.16543457018e-32
2.23022329797e-05	 2.61865848421e-32
2.26128006634e-05	 3.17237165708e-32
2.29276931287e-05	 3.85004918106e-32
2.32469705999e-05	 4.68091910042e-32
2.357069414e-05	 5.70143614608e-32
2.38989256623e-05	 6.95714892025e-32
2.42317279424e-05	 8.50506972152e-32
2.45691646298e-05	 1.04166876312e-31
2.49113002607e-05	 1.2781806276e-31
2.52582002696e-05	 1.57134407265e-31
2.56099310026e-05	 1.93540770805e-31
2.59665597293e-05	 2.38836884384e-31
2.63281546565e-05	 2.95300188284e-31
2.66947849403e-05	 3.65818009717e-31
2.70665207003e-05	 4.54057762605e-31
2.74434330323e-05	 5.6468651435e-31
2.78255940221e-05	 7.0365476867e-31
2.82130767594e-05	 8.78563936053e-31
2.86059553518e-05	 1.09914307266e-30
2.90043049386e-05	 1.37786855767e-30
2.94082017059e-05	 1.73077110993e-30
2.98177229002e-05	 2.17848880681e-30
3.02329468441e-05	 2.74764375981e-30
3.06539529506e-05	 3.47264543845e-30
3.10808217387e-05	 4.39805750256e-30
3.15136348487e-05	 5.58171036235e-30
3.19524750576e-05	 7.09880255195e-30
3.23974262953e-05	 9.04731583759e-30
3.28485736603e-05	 1.15551792236e-29
3.33060034362e-05	 1.47897658233e-29
3.37698031083e-05	 1.89705078127e-29
3.42400613797e-05	 2.43856874103e-29
3.47168681893e-05	 3.14148321491e-29
3.5200314728e-05	 4.05586465652e-29
3.56904934568e-05	 5.24790993556e-29
3.61874981241e-05	 6.80532234731e-29
3.6691423784e-05	 8.84454712131e-29
3.72023668141e-05	 1.15205228404e-28
3.77204249342e-05	 1.50398513781e-28
3.82456972247e-05	 1.96786225527e-28
3.87782841459e-05	 2.58065901221e-28
3.93182875571e-05	 3.39200325509e-28
3.98658107358e-05	 4.46865145828e-28
4.0420958398e-05	 5.90059914929e-28
4.09838367176e-05	 7.8094404043e-28
4.15545533472e-05	 1.03598291843e-27
4.21332174385e-05	 1.37752278985e-27
4.27199396631e-05	 1.8359594481e-27
4.33148322338e-05	 2.45273132562e-27
4.3918008926e-05	 3.28445948537e-27
4.45295850994e-05	 4.40868673938e-27
4.51496777204e-05	 5.93185135181e-27
4.57784053838e-05	 8.00039022318e-27
4.64158883361e-05	 1.08162345843e-26
4.70622484984e-05	 1.46584847318e-26
4.77176094894e-05	 1.99137964174e-26
4.83820966493e-05	 2.7119077123e-26
4.90558370637e-05	 3.70216158221e-26
4.97389595879e-05	 5.06639581147e-26
5.04315948717e-05	 6.93655897209e-26
5.11338753841e-05	 9.50856668913e-26
5.18459354389e-05	 1.30658747597e-25
5.25679112202e-05	 1.79977213861e-25
5.32999408084e-05	 2.48516474285e-25
5.40421642071e-05	 3.43996781568e-25
5.4794723369e-05	 4.773290901e-25
5.5557762224e-05	 6.63969944637e-25
5.6331426706e-05	 9.25866721821e-25
5.71158647813e-05	 1.2942568506e-24
5.79112264764e-05	 1.81370515599e-24
5.87176639073e-05	 2.5479403353e-24
5.95353313081e-05	 3.58831170185e-24
6.03643850608e-05	 5.06607076011e-24
6.12049837248e-05	 7.17024859913e-24
6.20572880678e-05	 1.01737386914e-23
6.29214610961e-05	 1.44714389851e-23
6.37976680861e-05	 2.06361575186e-23
6.46860766155e-05	 2.9500743406e-23
6.55868565957e-05	 4.22790238468e-23
6.65001803043e-05	 6.07442932349e-23
6.74262224178e-05	 8.74933496864e-23
6.83651600451e-05	 1.26337980289e-22
6.93171727616e-05	 1.82886749391e-22
7.02824426431e-05	 2.65411584455e-22
7.12611543011e-05	 3.86141536589e-22
7.22534949179e-05	 5.63198713448e-22
7.32596542822e-05	 8.23501760069e-22
7.42798248256e-05	 1.20713039228e-21
7.53142016597e-05	 1.77390113533e-21
7.63629826128e-05	 2.61329703344e-21
7.74263682681e-05	 3.85949598882e-21
7.8504562002e-05	 5.71416708071e-21
7.95977700231e-05	 8.48112783812e-21
8.07062014115e-05	 1.2619151819e-20
8.18300681587e-05	 1.88226115531e-20
8.29695852083e-05	 2.81449027727e-20
8.41249704974e-05	 4.21877632524e-20
8.52964449974e-05	 6.33923054324e-20
8.64842327573e-05	 9.54873886373e-20
8.76885609459e-05	 1.44181895146e-19
8.89096598953e-05	 2.18235898253e-19
9.01477631452e-05	 3.31121653345e-19
9.14031074876e-05	 5.0360467944e-19
9.26759330115e-05	 7.67763091082e-19
9.39664831495e-05	 1.17325974681e-18
9.52750047243e-05	 1.79715026835e-18
9.66017479952e-05	 2.75925186334e-18
9.7946966707e-05	 4.24627489623e-18
9.93109181375e-05	 6.54978997272e-18
0.000100693863148	 1.01543486715e-17
0.000102096066231	 1.58231424617e-17
0.000103517795563	 2.47136099091e-17
0.000104959323056	 3.86877209057e-17
0.000106420924406	 6.07007267832e-17
0.000107902879152	 9.54527040987e-17
0.000109405470721	 1.50433833618e-16
0.00011092898649	 2.37604471626e-16
0.000112473717836	 3.76100454426e-16
0.000114039960197	 5.96597081065e-16
0.000115628013121	 9.48361127966e-16
0.000117238180329	 1.51066624499e-15
0.000118870769771	 2.41130268264e-15
0.000120526093687	 3.85663966959e-15
0.000122204468663	 6.18052928629e-15
0.000123906215695	 9.92398503176e-15
0.000125631660247	 1.59651985045e-14
0.000127381132319	 2.57320087216e-14
0.000129154966501	 4.15496083873e-14
0.000130953502048	 6.72103495518e-14
0.000132777082936	 1.08908755156e-13
0.00013462605793	 1.76777763771e-13
0.000136500780655	 2.8741589401e-13
0.000138401609657	 4.6804933805e-13
0.000140328908479	 7.63394268954e-13
0.000142283045721	 1.24698299165e-12
0.000144264395122	 2.03987599167e-12
0.00014627333562	 3.34160470399e-12
0.000148310251434	 5.48138294476e-12
0.00015037553213	 9.00293011368e-12
0.000152469572702	 1.48050667174e-11
0.000154592773642	 2.43749019648e-11
0.000156745541021	 4.01748092808e-11
0.000158928286562	 6.62849238751e-11
0.000161141427725	 1.09470314166e-10
0.000163385387781	 1.80954089612e-10
0.000165660595895	 2.99364106208e-10
0.000167967487209	 4.95630755441e-10
0.000170306502925	 8.2112809992e-10
0.000172678090388	 1.36120550063e-09
0.000175082703174	 2.25767569469e-09
0.000177520801172	 3.74617830514e-09
0.000179992850678	 6.2182367756e-09
0.000182499324482	 1.03242811083e-08
0.000185040701954	 1.71445813732e-08
0.000187617469144	 2.84726623667e-08
0.000190230118867	 4.72848368506e-08
0.000192879150802	 7.85173567781e-08
0.000195565071587	 1.30351357638e-07
0.000198288394913	 2.16334857795e-07
0.000201049641626	 3.59095244452e-07
0.000203849339825	 5.96323123019e-07
0.000206688024963	 9.89623728195e-07
0.000209566239948	 1.64105974103e-06
0.00021248453525	 2.71889575978e-06
0.000215443469003	 4.50009050226e-06
0.000218443607115	 7.43970477611e-06
0.000221485523373	 1.22839974691e-05
0.000224569799554	 2.02542247835e-05
0.000227697025538	 3.33445033366e-05
0.000230867799419	 5.48030715075e-05
0.000234082727618	 8.99073719523e-05
0.000237342425002	 0.00014720806617
0.000240647515002	 0.000240518414166
0.000243998629726	 0.000392083292175
0.000247396410089	 0.000637606578734
0.000250841505928	 0.00103419190527
0.00025433457613	 0.00167282708827
0.000257876288759	 0.00269791603986
0.00026146732118	 0.00433767811401
0.000265108360191	 0.00695120202668
0.000268800102154	 0.0111008562373
0.000272543253128	 0.0176630361947
0.000276338529005	 0.0279964461054
0.000280186655646	 0.04419604911
0.000284088369018	 0.0694735121048
0.00028804441534	 0.10872276562
0.000292055551218	 0.169353890774
0.000296122543799	 0.262511994037
0.000300246170909	 0.404842419654
0.000304427221206	 0.621022152165
0.000308666494334	 0.947352058252
0.000312964801067	 1.43679759758
0.000317322963473	 2.16597729774
0.000321741815068	 3.24472657224
0.000326222200971	 4.82900309819
0.000330764978074	 7.13803639672
0.0003353710152	 10.4767370962
0.00034004119327	 15.2644377274
0.000344776405473	 22.0709899857
0.000349577557436	 31.661031019
0.000354445567397	 45.0467765922
0.00035938136638	 63.5489145595
0.000364385898376	 88.8639694543
0.00036946012052	 123.134814783
0.000374605003275	 169.018789712
0.000379821530619	 229.745168592
0.000385110700233	 309.150682119
0.000390473523689	 411.678692948
0.000395911026647	 542.324960914
0.00040142424905	 706.511357769
0.000407014245322	 909.869236906
0.00041268208457	 1157.91734527
0.00041842885079	 1455.62604306
0.000424255643072	 1806.87077104
0.000430163575811	 2213.79325366
0.000436153778921	 2676.10813199
0.000442227398051	 3190.41384634
0.000448385594802	 3749.58677531
0.000454629546953	 4342.3530252
0.000460960448683	 4953.13839743
0.000467379510799	 5562.28962091
0.000473887960972	 6146.73572576
0.000480487043966	 6681.11649933
0.000487178021879	 7139.3475714
0.000493962174388	 7496.52486364
0.000500840798985	 7730.91527823
0.000507815211233	 7826.1543692
0.000514886745014	 7774.05169988
0.000522056752785	 7573.53759109
0.000529326605836	 7232.16859851
0.000536697694554	 6765.7800735
0.000544171428687	 6197.30705417
0.000551749237613	 5554.88575841
0.000559432570617	 4869.4539477
0.000567222897164	 4172.14319514
0.000575121707184	 3491.78443499
0.000583130511353	 2852.82382669
0.000591250841383	 2273.87346055
0.000599484250319	 1767.01531467
0.00060783231283	 1337.8583966
0.000616296625513	 986.241085764
0.000624878807201	 707.392554788
0.000633580499266	 493.330104365
0.000642403365939	 334.274780437
0.000651349094627	 219.908141431
0.000660419396233	 140.354762227
0.000669616005485	 86.8422531586
0.00067894068127	 52.0494813062
0.000688395206965	 30.1953230452
0.000697981390783	 16.9414505424
0.000707701066118	 9.18526799175
0.000717556091894	 4.80838203619
0.00072754835292	 2.42828864588
0.000737679760253	 1.18199813982
0.000747952251562	 0.554066423398
0.0007583677915	 0.249885577261
0.000768928372076	 0.108331021813
0.000779636013041	 0.0451010675686
0.00079049276227	 0.0180146200579
0.000801500696157	 0.00689670175166
0.000812661920009	 0.00252814059388
0.000823978568453	 0.00088646441456
0.000835452805838	 0.000297009197626
0.000847086826656	 9.4987481974e-05
0.000858882855955	 2.89655067413e-05
0.000870843149769	 8.41270030149e-06
0.000882969995549	 2.32456225862e-06
0.0008952657126	 6.10380849753e-07
0.000907732652521	 1.52127386026e-07
0.000920373199662	 3.59454325476e-08
0.000933189771573	 8.04234810035e-09
0.000946184819472	 1.70171854148e-09
0.000959360828709	 3.40103287175e-10
0.000972720319245	 6.41200950397e-11
0.000986265846131	 1.13885646871e-11
0.001	 1.90307414268e-12
0.00101392540756	 2.98788293049e-13
0.00102804473209	 4.40139733917e-14
0.00104236067398	 6.07467696992e-15
0.00105687597118	 7.843974928e-16
0.00107159339982	 9.46220776095e-17
0.00108651577465	 1.06473811259e-17
0.00110164594963	 1.11590080953e-18
0.00111698681847	 1.0875938571e-19
0.00113254131515	 9.84190983065e-21
0.00114831241454	 8.25588492227e-22
0.00116430313292	 6.40923807144e-23
0.00118051652857	 4.59707045842e-24
0.00119695570236	 3.04121883423e-25
0.00121362379834	 1.85247254991e-26
0.00123052400436	 1.03711081182e-27
0.00124765955263	 5.32702904765e-29
0.0012650337204	 2.50572883474e-30
0.00128264983053	 1.07735747721e-31
0.00130051125217	 4.22605169374e-33
0.00131862140139	 1.50944051461e-34
0.00133698374182	 4.89942039322e-36
0.00135560178533	 1.44226876582e-37
0.00137447909268	 3.84263813715e-39
0.00139361927422	 9.24670544978e-41
0.0014130259906	 2.00536948325e-42
0.00143270295341	 3.91120050897e-44
0.00145265392595	 6.84502563611e-46
0.00147288272391	 1.07253796287e-47
0.00149339321612	 1.50116382534e-49
0.0015141893253	 1.87244122976e-51
0.00153527502878	 2.07644853989e-53
0.00155665435927	 2.04228431645e-55
0.00157833140565	 1.7771460972e-57
0.00160031031374	 1.36474698377e-59
0.00162259528708	 9.22557426955e-62
0.00164519058775	 5.47541136591e-64
0.0016681005372	 2.8455832322e-66
0.00169132951703	 1.29147227662e-68
0.00171488196987	 5.10463592789e-71
0.00173876240022	 1.75224646068e-73
0.00176297537529	 5.20881604133e-76
0.0017875255259	 1.33701532676e-78
0.00181241754737	 2.95463937525e-81
0.00183765620039	 5.6045037994e-84
0.00186324631193	 9.09713369682e-87
0.00188919277621	 1.25965815757e-89
0.00191550055557	 1.48321117407e-92
0.00194217468149	 1.48030737604e-95
0.00196922025548	 1.24816073833e-98
0.00199664245011	 8.86143523353e-102
0.00202444650998	 5.27924130618e-105
0.00205263775271	 2.63005656388e-108
0.00208122156999	 1.09181698455e-111
0.00211020342857	 3.7632510436e-115
0.00213958887134	 1.07303629225e-118
0.00216938351839	 2.52164645687e-122
0.00219959306803	 4.86546277817e-126
0.00223022329797	 7.67814498508e-130
0.00226128006634	 9.87126021958e-134
0.00229276931287	 1.02975610706e-137
0.00232469705999	 8.68104215103e-142
0.002357069414	 5.88957086105e-146
0.00238989256623	 3.20210919683e-150
0.00242317279424	 1.38919431745e-154
0.00245691646298	 4.78811553973e-159
0.00249113002607	 1.30529161904e-163
0.00252582002696	 2.80171464954e-168
0.00256099310026	 4.71314487842e-173
0.00259665597293	 6.18485799049e-178
0.00263281546565	 6.30095016004e-183
0.00266947849403	 4.95938963232e-188
0.00270665207003	 3.00087121475e-193
0.00274434330323	 1.38891743702e-198
0.00278255940221	 4.89203707922e-204
0.00282130767594	 1.30443432064e-209
0.00286059553518	 2.61920061104e-215
0.00290043049386	 3.93897823179e-221
0.00294082017059	 4.41244680514e-227
0.00298177229002	 3.66123157113e-233
0.00302329468441	 2.2374568322e-239
0.00306539529506	 1.00125870745e-245
0.00310808217387	 3.26168713511e-252
0.00315136348487	 7.68843311847e-259
0.00319524750576	 1.30341397836e-265
0.00323974262953	 1.57935164538e-272
0.00328485736603	 1.35919845949e-279
0.00333060034362	 8.25471421268e-287
0.00337698031083	 3.51475461252e-294
0.00342400613797	 1.04224718791e-301
0.00347168681893	 2.13790115647e-309
0.0035200314728	 3.02417532413e-317
0.00356904934568	 0.0
0.00361874981241	 0.0
0.0036691423784	 0.0
0.00372023668141	 0.0
0.00377204249342	 0.0
0.00382456972247	 0.0
0.00387782841459	 0.0
0.00393182875571	 0.0
0.00398658107358	 0.0
0.0040420958398	 0.0
0.00409838367176	 0.0
0.00415545533472	 0.0
0.00421332174385	 0.0
0.00427199396631	 0.0
0.00433148322338	 0.0
0.0043918008926	 0.0
0.00445295850994	 0.0
0.00451496777204	 0.0
0.00457784053838	 0.0
0.00464158883361	 0.0
0.00470622484984	 0.0
0.00477176094894	 0.0
0.00483820966493	 0.0
0.00490558370637	 0.0
0.00497389595879	 0.0
0.00504315948717	 0.0
0.00511338753841	 0.0
0.00518459354389	 0.0
0.00525679112202	 0.0
0.00532999408084	 0.0
0.00540421642071	 0.0
0.0054794723369	 0.0
0.0055557762224	 0.0
0.0056331426706	 0.0
0.00571158647813	 0.0
0.00579112264764	 0.0
0.00587176639073	 0.0
0.00595353313081	 0.0
0.00603643850608	 0.0
0.00612049837248	 0.0
0.00620572880678	 0.0
0.00629214610961	 0.0
0.00637976680861	 0.0
0.00646860766155	 0.0
0.00655868565957	 0.0
0.00665001803043	 0.0
0.00674262224178	 0.0
0.00683651600451	 0.0
0.00693171727616	 0.0
0.00702824426431	 0.0
0.00712611543011	 0.0
0.00722534949179	 0.0
0.00732596542822	 0.0
0.00742798248256	 0.0
0.00753142016597	 0.0
0.00763629826128	 0.0
0.00774263682681	 0.0
0.0078504562002	 0.0
0.00795977700231	 0.0
0.00807062014115	 0.0
0.00818300681587	 0.0
0.00829695852083	 0.0
0.00841249704974	 0.0
0.00852964449974	 0.0
0.00864842327573	 0.0
0.00876885609459	 0.0
0.00889096598953	 0.0
0.00901477631452	 0.0
0.00914031074876	 0.0
0.00926759330115	 0.0
0.00939664831495	 0.0
0.00952750047243	 0.0
0.00966017479952	 0.0
0.0097946966707	 0.0
0.00993109181375	 0.0
0.0100693863148	 0.0
0.0102096066231	 0.0
0.0103517795563	 0.0
0.0104959323056	 0.0
0.0106420924406	 0.0
0.0107902879152	 0.0
0.0109405470721	 0.0
0.011092898649	 0.0
0.0112473717836	 0.0
0.0114039960197	 0.0
0.0115628013121	 0.0
0.0117238180329	 0.0
0.0118870769771	 0.0
0.0120526093687	 0.0
0.0122204468663	 0.0
0.0123906215695	 0.0
0.0125631660247	 0.0
0.0127381132319	 0.0
0.0129154966501	 0.0
0.0130953502048	 0.0
0.0132777082936	 0.0
0.013462605793	 0.0
0.0136500780655	 0.0
0.0138401609657	 0.0
0.0140328908479	 0.0
0.0142283045721	 0.0
0.0144264395122	 0.0
0.014627333562	 0.0
0.0148310251434	 0.0
0.015037553213	 0.0
0.0152469572702	 0.0
0.0154592773642	 0.0
0.0156745541021	 0.0
0.0158928286562	 0.0
0.0161141427725	 0.0
0.0163385387781	 0.0
0.0165660595895	 0.0
0.0167967487209	 0.0
0.0170306502925	 0.0
0.0172678090388	 0.0
0.0175082703174	 0.0
0.0177520801172	 0.0
0.0179992850678	 0.0
0.0182499324482	 0.0
0.0185040701954	 0.0
0.0187617469144	 0.0
0.0190230118867	 0.0
0.0192879150802	 0.0
0.0195565071587	 0.0
0.0198288394913	 0.0
0.0201049641626	 0.0
0.0203849339825	 0.0
0.0206688024963	 0.0
0.0209566239948	 0.0
0.021248453525	 0.0
0.0215443469003	 0.0
0.0218443607115	 0.0
0.0221485523373	 0.0
0.0224569799554	 0.0
0.0227697025538	 0.0
0.0230867799419	 0.0
0.0234082727618	 0.0
0.0237342425002	 0.0
0.0240647515002	 0.0
0.0243998629726	 0.0
0.0247396410089	 0.0
0.0250841505928	 0.0
0.025433457613	 0.0
0.0257876288759	 0.0
0.026146732118	 0.0
0.0265108360191	 0.0
0.0268800102154	 0.0
0.0272543253128	 0.0
0.0276338529005	 0.0
0.0280186655646	 0.0
0.0284088369018	 0.0
0.028804441534	 0.0
0.0292055551218	 0.0
0.0296122543799	 0.0
0.0300246170909	 0.0
0.0304427221206	 0.0
0.0308666494334	 0.0
0.0312964801067	 0.0
0.0317322963473	 0.0
0.0321741815068	 0.0
0.0326222200971	 0.0
0.0330764978074	 0.0
0.03353710152	 0.0
0.034004119327	 0.0
0.0344776405473	 0.0
0.0349577557436	 0.0
0.0354445567397	 0.0
0.035938136638	 0.0
0.0364385898376	 0.0
0.036946012052	 0.0
0.0374605003275	 0.0
0.0379821530619	 0.0
0.0385110700233	 0.0
0.0390473523689	 0.0
0.0395911026647	 0.0
0.040142424905	 0.0
0.0407014245322	 0.0
0.041268208457	 0.0
0.041842885079	 0.0
0.0424255643072	 0.0
0.0430163575811	 0.0
0.0436153778921	 0.0
0.0442227398051	 0.0
0.0448385594802	 0.0
0.0454629546953	 0.0
0.0460960448683	 0.0
0.0467379510799	 0.0
0.0473887960972	 0.0
0.0480487043966	 0.0
0.0487178021879	 0.0
0.0493962174388	 0.0
0.0500840798985	 0.0
0.0507815211233	 0.0
0.0514886745014	 0.0
0.0522056752785	 0.0
0.0529326605836	 0.0
0.0536697694554	 0.0
0.0544171428687	 0.0
0.0551749237613	 0.0
0.0559432570617	 0.0
0.0567222897164	 0.0
0.0575121707184	 0.0
0.0583130511353	 0.0
0.0591250841383	 0.0
0.0599484250319	 0.0
0.060783231283	 0.0
0.0616296625513	 0.0
0.0624878807201	 0.0
0.0633580499266	 0.0
0.0642403365939	 0.0
0.0651349094627	 0.0
0.0660419396233	 0.0
0.0669616005485	 0.0
0.067894068127	 0.0
0.0688395206965	 0.0
0.0697981390783	 0.0
0.0707701066118	 0.0
0.0717556091894	 0.0
0.072754835292	 0.0
0.0737679760253	 0.0
0.0747952251562	 0.0
0.07583677915	 0.0
0.0768928372076	 0.0
0.0779636013041	 0.0
0.079049276227	 0.0
0.0801500696157	 0.0
0.0812661920009	 0.0
0.0823978568453	 0.0
0.0835452805838	 0.0
0.0847086826656	 0.0
0.0858882855955	 0.0
0.0870843149769	 0.0
0.0882969995549	 0.0
0.08952657126	 0.0
0.0907732652521	 0.0
0.0920373199662	 0.0
0.0933189771573	 0.0
0.0946184819472	 0.0
0.0959360828709	 0.0
0.0972720319245	 0.0
0.0986265846131	 0.0
0.1	 0.0
