# Posterior distribution for f, given N = 20000 merger events in ET. PBH Mass: 10.0 M_sunPrior: jeffreys
# Columns: f, P(f|N)
9.999999999999999547e-07 0.000000000000000000e+00
1.071891319205128528e-06 0.000000000000000000e+00
1.148951000187308475e-06 0.000000000000000000e+00
1.231550603292826123e-06 0.000000000000000000e+00
1.320088400831416760e-06 0.000000000000000000e+00
1.414991297434575852e-06 0.000000000000000000e+00
1.516716888470924146e-06 0.000000000000000000e+00
1.625755666443793459e-06 0.000000000000000000e+00
1.742633386009650705e-06 0.000000000000000000e+00
1.867913599020780929e-06 0.000000000000000000e+00
2.002200371815584564e-06 0.000000000000000000e+00
2.146141197858405979e-06 0.000000000000000000e+00
2.300430119772916844e-06 0.000000000000000000e+00
2.465811075822603893e-06 0.000000000000000000e+00
2.643081486974102836e-06 0.000000000000000000e+00
2.833096101839324281e-06 0.000000000000000000e+00
3.036771118035460538e-06 0.000000000000000000e+00
3.255088599835056550e-06 0.000000000000000000e+00
3.489101213406773843e-06 0.000000000000000000e+00
3.739937302478793814e-06 0.000000000000000000e+00
4.008806328898464506e-06 0.000000000000000000e+00
4.297004704320844031e-06 0.000000000000000000e+00
4.605922041145103558e-06 0.000000000000000000e+00
4.937047852839003774e-06 0.000000000000000000e+00
5.291978735958436362e-06 0.000000000000000000e+00
5.672426068491977286e-06 0.000000000000000000e+00
6.080224261649427418e-06 0.000000000000000000e+00
6.517339604882419798e-06 0.000000000000000000e+00
6.985879746785248997e-06 0.000000000000000000e+00
7.488103857590030710e-06 0.000000000000000000e+00
8.026433522257174640e-06 0.000000000000000000e+00
8.603464416684508890e-06 0.000000000000000000e+00
9.221978823334321272e-06 0.000000000000000000e+00
9.884959046625586455e-06 0.000000000000000000e+00
1.059560179277614854e-05 0.000000000000000000e+00
1.135733358343105172e-05 0.000000000000000000e+00
1.217382727739661976e-05 0.000000000000000000e+00
1.304901978014401602e-05 0.000000000000000000e+00
1.398713102647238687e-05 0.000000000000000000e+00
1.499268432786047117e-05 0.000000000000000000e+00
1.607052818261638468e-05 0.000000000000000000e+00
1.722585965398787565e-05 0.000000000000000000e+00
1.846424942895542385e-05 0.000000000000000000e+00
1.979166867853557454e-05 0.000000000000000000e+00
2.121451784910627868e-05 0.000000000000000000e+00
2.273965752357927516e-05 0.000000000000000000e+00
2.437444150122221616e-05 0.000000000000000000e+00
2.612675225563326344e-05 0.000000000000000000e+00
2.800503894183631128e-05 0.000000000000000000e+00
3.001835813575592089e-05 0.000000000000000000e+00
3.217641750250735676e-05 0.000000000000000000e+00
3.448962260405759859e-05 0.000000000000000000e+00
3.696912707195024335e-05 0.000000000000000000e+00
3.962688638701478144e-05 0.000000000000000000e+00
4.247571552536893796e-05 0.000000000000000000e+00
4.552935074866947907e-05 0.000000000000000000e+00
4.880251583654433487e-05 0.000000000000000000e+00
5.231099308056257952e-05 0.000000000000000000e+00
5.607169938205458130e-05 0.000000000000000000e+00
6.010276782070387642e-05 0.000000000000000000e+00
6.442363508721369713e-05 0.000000000000000000e+00
6.905513520162330260e-05 0.000000000000000000e+00
7.401959996915637120e-05 0.000000000000000000e+00
7.934096665797492082e-05 0.000000000000000000e+00
8.504489341802668747e-05 0.000000000000000000e+00
9.115888299750818402e-05 0.000000000000000000e+00
9.771241535346501675e-05 0.000000000000000000e+00
1.047370897959449686e-04 0.000000000000000000e+00
1.122667773510813578e-04 0.000000000000000000e+00
1.203377840777589337e-04 0.000000000000000000e+00
1.289890261253308021e-04 0.000000000000000000e+00
1.382622173764654864e-04 0.000000000000000000e+00
1.482020705798858503e-04 0.000000000000000000e+00
1.588565129428052810e-04 0.000000000000000000e+00
1.702769172225899476e-04 0.000000000000000000e+00
1.825183494319042592e-04 0.000000000000000000e+00
1.956398343517062703e-04 0.000000000000000000e+00
2.097046401323232709e-04 0.000000000000000000e+00
2.247805833548725178e-04 0.000000000000000000e+00
2.409403560239524325e-04 0.000000000000000000e+00
2.582618760682674902e-04 0.000000000000000000e+00
2.768286630392063972e-04 0.000000000000000000e+00
2.967302408188869536e-04 0.000000000000000000e+00
3.180625692794118915e-04 0.000000000000000000e+00
3.409285069746810937e-04 0.000000000000000000e+00
3.654383070957254701e-04 0.000000000000000000e+00
3.917101490809256391e-04 0.000000000000000000e+00
4.198707084443910179e-04 0.000000000000000000e+00
4.500557675700497698e-04 0.000000000000000000e+00
4.824108704165368721e-04 0.000000000000000000e+00
5.170920242896755517e-04 0.000000000000000000e+00
5.542664520663101490e-04 0.000000000000000000e+00
5.941133984965033281e-04 0.000000000000000000e+00
6.368249944718586218e-04 0.000000000000000000e+00
6.826071834272385728e-04 0.000000000000000000e+00
7.316807143427192690e-04 0.000000000000000000e+00
7.842822061337682274e-04 0.000000000000000000e+00
8.406652885618325121e-04 0.000000000000000000e+00
9.011018251665018231e-04 0.000000000000000000e+00
9.658832241158698054e-04 0.000000000000000000e+00
1.035321843295661671e-03 0.000000000000000000e+00
1.109752496412072130e-03 0.000000000000000000e+00
1.189534067370319513e-03 0.000000000000000000e+00
1.275051240713012809e-03 0.000000000000000000e+00
1.366716356462005988e-03 0.000000000000000000e+00
1.464971398307284749e-03 0.000000000000000000e+00
1.570290124729377445e-03 0.000000000000000000e+00
1.683180353330956556e-03 0.000000000000000000e+00
1.804186409392071833e-03 0.000000000000000000e+00
1.933891750455230159e-03 4.545977767424491474e-106
2.072921779595369735e-03 9.499622371674656459e-07
2.221946860939523916e-03 1.475434557573846329e-03
2.381685551976158062e-03 3.510757450936739799e-02
2.552908068239516468e-03 2.200228612830396613e-01
2.736439997074669155e-03 1.123167022073133348e+00
2.933166278390042427e-03 4.682085061274337434e+00
3.144035471591500111e-03 1.598553872493626038e+01
3.370064329271928172e-03 4.484975819446861323e+01
3.612342699709430310e-03 1.037934440812965420e+02
3.872038781812553020e-03 1.989605032306992598e+02
4.150404757850472380e-03 3.173441704807128190e+02
4.448782831127585241e-03 4.232475515134277089e+02
4.768611697714469390e-03 4.744863940512195200e+02
5.111433483440165799e-03 4.495582771151267707e+02
5.478901179593939109e-03 3.620065414431371096e+02
5.872786613189477124e-03 2.491605093719514628e+02
6.294988990221887619e-03 1.474101238463989603e+02
6.747544053110693212e-03 7.538048104843788622e+01
7.232633896483533706e-03 3.349545169577103820e+01
7.752597488629456302e-03 1.299854263837843149e+01
8.309941949353387078e-03 4.426122158343654078e+00
8.907354638610439843e-03 1.328134769201678278e+00
9.547716114208055702e-03 5.292424760593788385e-02
1.023411402105452693e-02 8.001113755389549498e-02
1.096985797892384082e-02 2.053673489371198035e-02
1.175849554052155709e-02 7.112341298966268080e-04
1.260382929679727468e-02 1.516263901056378173e-04
1.350993521198025175e-02 1.443383533619872584e-06
1.448118227674533021e-02 6.305967560217665566e-08
1.552225357427047987e-02 4.230906417865823842e-07
1.663816886076127308e-02 1.514386464500474480e-07
1.783430876931909465e-02 2.944743441173702627e-08
1.911644075385699609e-02 1.264445519884090501e-10
2.049074689815846145e-02 4.905842884448159616e-12
2.196385372416546911e-02 6.817577243127932251e-12
2.354286414322415491e-02 1.510271630213965490e-12
2.523539170434765944e-02 7.282047191645959484e-14
2.704959730463131484e-02 1.678491282786569256e-15
2.899422853882875281e-02 1.198694711410441192e-16
3.107866187782013997e-02 1.760958595594274319e-19
3.331294787934670210e-02 6.386647974228672960e-21
3.570785964900462933e-02 3.631323261033066097e-23
3.827494478516307169e-02 1.510552575016562664e-22
4.102658105827190066e-02 1.224537796490708523e-23
4.397603609302721400e-02 1.209405386665891483e-25
4.713753134116719506e-02 3.179310020670532058e-27
5.052631065335679711e-02 2.924314329204440993e-29
5.415871378079464837e-02 4.623354430973550341e-32
5.805225516094895954e-02 9.102994353501435800e-35
6.222570836730231120e-02 1.583772494030021268e-34
6.669919663030114687e-02 1.320853628687649121e-35
7.149428986597576585e-02 1.132040540867809892e-37
7.663410868007446142e-02 4.884537183955974139e-40
8.214343584919421570e-02 4.059253449618470582e-42
8.804883581643464796e-02 2.372579907864724171e-44
9.437878277775371694e-02 3.435308572313941109e-47
1.011637979766207007e-01 3.798546625736825518e-48
1.084365968689608717e-01 7.988139155898057132e-50
1.162322468679851811e-01 4.920028382473620935e-53
1.245883364295008178e-01 1.040457366811088117e-54
1.335451562929897418e-01 5.622021343339857221e-57
1.431458937523478470e-01 2.919609411284646425e-59
1.534368408930009975e-01 1.701042107872911756e-61
1.644676177994662813e-01 9.565468234271177487e-64
1.762914118095947891e-01 2.076281214892064327e-66
1.889652339691207661e-01 4.706974986334119578e-71
2.025501939230666404e-01 5.681763700880734399e-73
2.171117945694500950e-01 2.765527069462921687e-74
2.327202478960407328e-01 6.322650306639406190e-77
2.494508135230316670e-01 7.966050101874678534e-80
2.673841615839944175e-01 4.606704821244281491e-82
2.866067616948250185e-01 1.287028905017337999e-85
3.072112998861752931e-01 2.789703233797399220e-90
3.292971255097147942e-01 9.204357046922376626e-91
3.529707302730650254e-01 1.970757859294881239e-93
3.783462617131925221e-01 1.290404797105001565e-96
4.055460735840827891e-01 1.900323825487029162e-99
4.347013158125017651e-01 4.340592447633288738e-104
4.659525668664677434e-01 7.341811285816548165e-108
4.994505115855140120e-01 8.814517766624251715e-110
5.353566677410719343e-01 1.281792056248418498e-111
5.738441648302392561e-01 2.376792515352413141e-115
6.150985788580504154e-01 2.375467106320025782e-118
6.593188271333542128e-01 6.478387212741836962e-122
7.067181273927490848e-01 4.968084410301433357e-125
7.575250258771905054e-01 1.273330624275518095e-128
8.119844993184008874e-01 8.341680957184213174e-132
8.703591361485165656e-01 2.671705953309362396e-135
9.329304026284677143e-01 6.732500243646239394e-141
1.000000000000000000e+00 4.971205291627048177e-144
