# Posterior distribution for f, given N merger events. PBH Mass: 0.7 M_sun
# Columns: f, P(f|N=1), P(f|N=10), P(f|N=100)
9.999999999999999547e-07 3.816667835481361754e-06 4.896560386759974960e-81 0.000000000000000000e+00
1.071891319205128528e-06 4.385163832205524972e-06 1.962935028952842563e-80 0.000000000000000000e+00
1.148951000187308475e-06 5.038337759654715778e-06 7.869021208819228170e-80 0.000000000000000000e+00
1.231550603292826123e-06 5.788802452658282199e-06 3.154535980667294570e-79 0.000000000000000000e+00
1.320088400831416760e-06 6.651049433799308991e-06 1.264591423343818901e-78 0.000000000000000000e+00
1.414991297434575852e-06 7.641728744237689423e-06 5.069497977947456659e-78 0.000000000000000000e+00
1.516716888470924146e-06 8.779970455222985533e-06 2.032261780960364985e-77 0.000000000000000000e+00
1.625755666443793459e-06 1.008775406858018288e-05 8.146936231065941940e-77 0.000000000000000000e+00
1.742633386009650705e-06 1.159033293915718980e-05 3.265945650910459360e-76 0.000000000000000000e+00
1.867913599020780929e-06 1.331672208374936886e-05 1.309252935938759095e-75 0.000000000000000000e+00
2.002200371815584564e-06 1.530025780322863388e-05 5.248535315917948208e-75 0.000000000000000000e+00
2.146141197858405979e-06 1.757924235068306247e-05 2.104033510475326267e-74 0.000000000000000000e+00
2.300430119772916844e-06 2.019768293108412032e-05 8.434651423389179483e-74 0.000000000000000000e+00
2.465811075822603893e-06 2.320614161927316721e-05 3.381283467356227177e-73 0.000000000000000000e+00
2.643081486974102836e-06 2.666271170261493915e-05 1.355488926265048612e-72 0.000000000000000000e+00
2.833096101839324281e-06 3.063413944788398387e-05 5.433883386297410349e-72 0.000000000000000000e+00
3.036771118035460538e-06 3.519711295268983302e-05 2.178334636037964983e-71 0.000000000000000000e+00
3.255088599835056550e-06 4.043974296787583101e-05 8.732504495535856091e-71 0.000000000000000000e+00
3.489101213406773843e-06 4.646326428391179078e-05 3.500684500781593429e-70 0.000000000000000000e+00
3.739937302478793814e-06 5.338399053293988464e-05 1.403353405219327690e-69 0.000000000000000000e+00
4.008806328898464506e-06 6.133556015098123079e-05 5.625758108861096052e-69 0.000000000000000000e+00
4.297004704320844031e-06 7.047151686635610816e-05 2.255251451902446475e-68 0.000000000000000000e+00
4.605922041145103558e-06 8.096827453909478760e-05 9.040840222258192796e-68 0.000000000000000000e+00
4.937047852839003774e-06 9.302852359666273561e-05 3.624286452118051740e-67 0.000000000000000000e+00
5.291978735958436362e-06 1.068851448369460838e-04 1.452901348102445419e-66 0.000000000000000000e+00
5.672426068491977286e-06 1.228057061646063914e-04 5.824378868393008643e-66 0.000000000000000000e+00
6.080224261649427418e-06 1.410976290807033223e-04 2.334871462354163145e-65 0.000000000000000000e+00
6.517339604882419798e-06 1.621141246749317419e-04 9.360007429101986184e-65 0.000000000000000000e+00
6.985879746785248997e-06 1.862610137245025027e-04 3.752228288276858951e-64 0.000000000000000000e+00
7.488103857590030710e-06 2.140045625700383303e-04 1.504188077413079431e-63 0.000000000000000000e+00
8.026433522257174640e-06 2.458804860460675132e-04 6.029965722662408968e-63 0.000000000000000000e+00
8.603464416684508890e-06 2.825042912700069108e-04 2.417282118745158007e-62 0.000000000000000000e+00
9.221978823334321272e-06 3.245831619729874643e-04 9.690353279014505279e-62 0.000000000000000000e+00
9.884959046625586455e-06 3.729296127878227430e-04 3.884647657105200317e-61 0.000000000000000000e+00
1.059560179277614854e-05 4.284771770663443045e-04 1.557268092951825378e-60 0.000000000000000000e+00
1.135733358343105172e-05 4.922984310388738190e-04 6.242734106268080239e-60 0.000000000000000000e+00
1.217382727739661976e-05 5.656257022083298336e-04 2.502568421031655407e-59 0.000000000000000000e+00
1.304901978014401602e-05 6.498748616584465714e-04 1.003221240599477754e-58 0.000000000000000000e+00
1.398713102647238687e-05 7.466726594470342879e-04 4.021675962124820444e-58 0.000000000000000000e+00
1.499268432786047117e-05 8.578881305948161127e-04 1.612192838338814116e-57 0.000000000000000000e+00
1.607052818261638468e-05 9.856686776837852645e-04 6.462884697272701712e-57 0.000000000000000000e+00
1.722585965398787565e-05 1.132481526253760473e-03 2.590808317859791516e-56 0.000000000000000000e+00
1.846424942895542385e-05 1.301161352763930378e-03 1.038588602330407306e-55 0.000000000000000000e+00
1.979166867853557454e-05 1.494965003857175873e-03 4.163428868859080047e-55 0.000000000000000000e+00
2.121451784910627868e-05 1.717634362307418876e-03 1.669006384563456107e-54 0.000000000000000000e+00
2.273965752357927516e-05 1.973468571964940611e-03 6.690583781242991909e-54 0.000000000000000000e+00
2.437444150122221616e-05 2.267407014241626904e-03 2.682063769216300652e-53 0.000000000000000000e+00
2.612675225563326344e-05 2.605124635643960105e-03 1.075160122357796506e-52 0.000000000000000000e+00
2.800503894183631128e-05 2.993141463513931174e-03 4.309987760924514752e-52 0.000000000000000000e+00
3.001835813575592089e-05 3.438948420004919564e-03 1.727736976658552752e-51 0.000000000000000000e+00
3.217641750250735676e-05 3.951151857587841855e-03 6.925924697515891274e-51 0.000000000000000000e+00
3.448962260405759859e-05 4.539639598996001064e-03 2.776363154601292551e-50 0.000000000000000000e+00
3.696912707195024335e-05 5.215771677276221339e-03 1.112943067171987874e-49 0.000000000000000000e+00
3.962688638701478144e-05 5.992599445308771991e-03 4.461363063533469435e-49 0.000000000000000000e+00
4.247571552536893796e-05 6.885117267687599144e-03 1.788380276379624727e-48 0.000000000000000000e+00
4.552935074866947907e-05 7.910551631399125733e-03 7.168851245035550312e-48 0.000000000000000000e+00
4.880251583654433487e-05 9.088693226915611420e-03 2.873666250089885492e-47 0.000000000000000000e+00
5.231099308056257952e-05 1.044227837139171874e-02 1.151913240347187460e-46 0.000000000000000000e+00
5.607169938205458130e-05 1.199742708572799042e-02 4.617420939435683918e-46 0.000000000000000000e+00
6.010276782070387642e-05 1.378414621453356338e-02 1.850865809450204450e-45 0.000000000000000000e+00
6.442363508721369713e-05 1.583690721204263074e-02 7.419004058918957360e-45 0.000000000000000000e+00
6.905513520162330260e-05 1.819530962997036733e-02 2.973793871513281259e-44 0.000000000000000000e+00
7.401959996915637120e-05 2.090484296025221095e-02 1.191982752228580767e-43 0.000000000000000000e+00
7.934096665797492082e-05 2.401776133495906254e-02 4.777735608689766049e-43 0.000000000000000000e+00
8.504489341802668747e-05 2.759408769934344058e-02 1.914989284161585837e-42 0.000000000000000000e+00
9.115888299750818402e-05 3.170276648781668316e-02 7.675410372647294756e-42 0.000000000000000000e+00
9.771241535346501675e-05 3.642298658676579315e-02 3.076285645698829369e-41 0.000000000000000000e+00
1.047370897959449686e-04 4.184569950708125902e-02 1.232934806687865540e-40 0.000000000000000000e+00
1.122667773510813578e-04 4.807536126238899643e-02 4.941290309784491624e-40 0.000000000000000000e+00
1.203377840777589337e-04 5.523193051042425000e-02 1.980275455833210807e-39 0.000000000000000000e+00
1.289890261253308021e-04 6.345316012359539237e-02 7.935855107198236597e-39 0.000000000000000000e+00
1.382622173764654864e-04 7.289722457391989430e-02 3.180111587376367835e-38 0.000000000000000000e+00
1.482020705798858503e-04 8.374573141411364996e-02 1.274291432531326601e-37 0.000000000000000000e+00
1.588565129428052810e-04 9.620717178028205530e-02 5.105870770534683754e-37 0.000000000000000000e+00
1.702769172225899476e-04 1.105208723023999584e-01 2.045700030333224753e-36 0.000000000000000000e+00
1.825183494319042592e-04 1.269615191541887955e-01 8.195605998025879101e-36 0.000000000000000000e+00
1.956398343517062703e-04 1.458443342652237240e-01 3.283087790642366755e-35 0.000000000000000000e+00
2.097046401323232709e-04 1.675309940029949540e-01 1.315045754866658779e-34 0.000000000000000000e+00
2.247805833548725178e-04 1.924363919381898713e-01 5.266838913514285810e-34 0.000000000000000000e+00
2.409403560239524325e-04 2.210363596260929431e-01 2.109128217582666531e-33 0.000000000000000000e+00
2.582618760682674902e-04 2.538764726151414575e-01 8.444844399635163970e-33 0.000000000000000000e+00
2.768286630392063972e-04 2.915820830041373490e-01 3.380701484615937665e-32 0.000000000000000000e+00
2.967302408188869536e-04 3.348697345865363495e-01 1.353125063859515723e-31 0.000000000000000000e+00
3.180625692794118915e-04 3.845601315810067145e-01 5.414681289970037303e-31 0.000000000000000000e+00
3.409285069746810937e-04 4.415928466020176413e-01 2.166196516043967907e-30 0.000000000000000000e+00
3.654383070957254701e-04 5.070429670721728899e-01 8.663570953307339789e-30 0.000000000000000000e+00
3.917101490809256391e-04 5.821398905849148875e-01 3.463793429858668149e-29 0.000000000000000000e+00
4.198707084443910179e-04 6.682884872196621640e-01 1.384338183237962133e-28 0.000000000000000000e+00
4.500557675700497698e-04 7.670928483484377169e-01 5.530237349414430455e-28 0.000000000000000000e+00
4.824108704165368721e-04 8.803828341783849210e-01 2.208154507653944548e-27 0.000000000000000000e+00
5.170920242896755517e-04 1.010243612340294694e+00 8.811870166538418550e-27 0.000000000000000000e+00
5.542664520663101490e-04 1.159048342284246358e+00 3.514180112652813796e-26 0.000000000000000000e+00
5.941133984965033281e-04 1.329494098662060475e+00 1.400414139457482903e-25 0.000000000000000000e+00
6.368249944718586218e-04 1.524641033095715636e+00 5.575950854089396196e-25 9.609856199312115113e-314
6.826071834272385728e-04 1.747954637517685761e+00 2.217982912158879620e-24 9.752611634656002016e-308
7.316807143427192690e-04 2.003350781010308612e+00 8.812793378888146989e-24 9.820828504255973943e-302
7.842822061337682274e-04 2.295242930540623671e+00 3.497163461153477626e-23 9.802074466654815545e-296
8.406652885618325121e-04 2.628590616255537249e+00 1.385754900334845713e-22 9.684633822435947640e-290
9.011018251665018231e-04 3.008947743637911287e+00 5.481954032267176833e-22 9.458476339101951863e-284
9.658832241158698054e-04 3.442508765569537665e+00 2.164516623384948378e-21 9.116427668650116443e-278
1.035321843295661671e-03 3.936149984537882673e+00 8.528003853006287617e-21 8.655486494819733496e-272
1.109752496412072130e-03 4.497462338319691888e+00 3.351689380075849068e-20 8.078171633287749919e-266
1.189534067370319513e-03 5.134770917125746514e+00 1.313596275890123359e-19 7.393714603952817578e-260
1.275051240713012809e-03 5.857135164378649783e+00 5.131858544192264722e-19 6.618847820864873537e-254
1.366716356462005988e-03 6.674322246033667305e+00 1.997624940434310389e-18 5.777896847533941194e-248
1.464971398307284749e-03 7.596744486335531121e+00 7.744058383948508751e-18 4.901896546941168105e-242
1.570290124729377445e-03 8.635350160086927573e+00 2.988150894731554492e-17 4.026546640107803045e-236
1.683180353330956556e-03 9.801455465840122727e+00 1.146971121288704005e-16 3.189021949222158648e-230
1.804186409392071833e-03 1.110650442472136312e+01 4.376494736093054427e-16 2.423945573308943361e-224
1.933891750455230159e-03 1.256174309351709439e+01 1.658829273117930436e-15 1.759159628920251938e-218
2.072921779595369735e-03 1.417779528242410159e+01 6.240564824587293711e-15 1.212175509219873231e-212
2.221946860939523916e-03 1.596412944154325153e+01 2.328123529676608491e-14 7.882155993824909668e-207
2.381685551976158062e-03 1.792841107220343844e+01 8.604553313121953910e-14 4.804707589966642691e-201
2.552908068239516468e-03 2.007574241915390800e+01 3.147306953849581342e-13 2.726112382025521016e-195
2.736439997074669155e-03 2.240780160413020283e+01 1.138036816580698898e-12 1.428868639572934980e-189
2.933166278390042427e-03 2.492190668117172692e+01 4.063221473899450908e-12 6.863694756319115558e-184
3.144035471591500111e-03 2.761004571798964946e+01 1.430700885112120837e-11 2.996734562050508894e-178
3.370064329271928172e-03 3.045793045756967032e+01 4.961815748577618191e-11 1.179171529958082494e-172
3.612342699709430310e-03 3.344414635519132872e+01 1.692715101259721691e-10 4.145892759469463068e-167
3.872038781812553020e-03 3.653948288425360147e+01 5.673003907434490230e-10 1.291424122252488333e-161
4.150404757850472380e-03 3.970653204656454704e+01 1.865382622320168115e-09 3.534439634400706380e-156
4.448782831127585241e-03 4.289963746637320696e+01 6.010383646170393239e-09 8.432034996375116046e-151
4.768611697714469390e-03 4.606526013677019193e+01 1.895364502367911195e-08 1.740631037459724999e-145
5.111433483440165799e-03 4.914280073380896852e+01 5.843159218992969387e-08 3.088583606123731865e-140
5.478901179593939109e-03 5.206588570037712316e+01 1.759192996153830693e-07 4.683610686481614371e-135
5.872786613189477124e-03 5.476409024164697570e+01 5.167490185759291499e-07 6.040642084969559457e-130
6.294988990221887619e-03 5.716504186706809776e+01 1.479727829988469068e-06 6.601287573947501583e-125
6.747544053110693212e-03 5.919682796562503313e+01 4.127639492291300333e-06 6.095891411410389432e-120
7.232633896483533706e-03 6.079062208572936044e+01 1.120894594845657254e-05 4.748652079693932618e-115
7.752597488629456302e-03 6.188344426244680818e+01 2.961658305193481938e-05 3.118120994504274078e-110
8.309941949353387078e-03 6.242097549615220231e+01 7.610410046823568855e-05 1.725894482516770573e-105
8.907354638610439843e-03 6.236034798127666789e+01 1.901091717261689214e-04 8.057698894460955160e-101
9.547716114208055702e-03 6.167282405745088170e+01 4.614799160127909462e-04 3.176421157862892164e-96
1.023411402105452693e-02 6.034625431647284444e+01 1.088163922666582524e-03 1.058594651737492288e-91
1.096985797892384082e-02 5.838716998852083861e+01 2.491493208817453786e-03 2.986053384628352946e-87
1.175849554052155709e-02 5.582232338469905386e+01 5.536913118186320183e-03 7.135570449663915553e-83
1.260382929679727468e-02 5.269945441606678571e+01 1.193758675480457304e-02 1.445062881281065865e-78
1.350993521198025175e-02 4.908704563725149939e+01 2.495620156587530572e-02 2.479242603192839754e-74
1.448118227674533021e-02 4.507284759353881043e+01 5.055863002379705484e-02 3.598905416131454260e-70
1.552225357427047987e-02 4.076102190074077924e+01 9.919181816643102279e-02 4.409655158691786634e-66
1.663816886076127308e-02 3.626786599075322215e+01 1.883192893187323191e-01 4.543935136100636385e-62
1.783430876931909465e-02 3.171624530668221098e+01 3.456945951518820004e-01 3.917818457314267443e-58
1.911644075385699609e-02 2.722904846907358234e+01 6.130224642534188861e-01 2.807709351142819682e-54
2.049074689815846145e-02 2.292216944659429956e+01 1.049112310206405940e+00 1.658548211703551047e-50
2.196385372416546911e-02 1.889767067537905376e+01 1.730916727672419997e+00 7.993735752832020736e-47
2.354286414322415491e-02 1.523785352803915494e+01 2.750170867419779341e+00 3.105590226986230374e-43
2.523539170434765944e-02 1.200092666322699131e+01 4.203105317523573525e+00 9.588066909308050704e-40
2.704959730463131484e-02 9.218805816077045634e+00 6.171434454000219283e+00 2.314013223005203262e-36
2.899422853882875281e-02 6.897313536106196352e+00 8.694990248713631686e+00 4.284310913606583265e-33
3.107866187782013997e-02 5.018714996133262218e+00 1.174000053021791956e+01 5.957009743109596922e-30
3.331294787934670210e-02 3.546188554653424418e+00 1.517128185678406460e+01 6.073302721157817564e-27
3.570785964900462933e-02 2.429557736633380483e+00 1.873975490344881578e+01 4.420887937574538481e-24
3.827494478516307169e-02 1.611463063573731480e+00 2.209639209490901379e+01 2.231112955093231035e-21
4.102658105827190066e-02 1.033159412250583609e+00 2.483828771356257548e+01 7.560106819951496309e-19
4.397603609302721400e-02 6.392798498203771107e-01 2.658231164423009218e+01 1.661666828689792873e-16
4.713753134116719506e-02 3.811650891767710547e-01 2.704990436760371963e+01 2.284784347033835535e-14
5.052631065335679711e-02 2.186534298801091347e-01 2.613826171936595699e+01 1.895272243578678843e-12
5.415871378079464837e-02 1.204886322072510618e-01 2.395346673879173949e+01 9.178203810568995800e-11
5.805225516094895954e-02 6.368141028862386865e-02 2.079177483812315685e+01 2.538696926947938567e-09
6.222570836730231120e-02 3.223239624398657049e-02 1.707286364270789036e+01 4.029080616393223302e-08
6.669919663030114687e-02 1.560410565843559083e-02 1.324595427822207050e+01 3.883445468901427637e-07
7.149428986597576585e-02 7.209400179721737849e-03 9.698483930858753155e+00 2.582859965052427753e-06
7.663410868007446142e-02 3.174562711351495634e-03 6.693630131082234591e+00 1.383935480421265097e-05
8.214343584919421570e-02 1.330233456490692795e-03 4.349735231292244819e+00 6.553161781307938866e-05
8.804883581643464796e-02 5.297831495062328396e-04 2.658434981218800619e+00 2.808224423354079556e-04
9.437878277775371694e-02 2.004103840440824382e-04 1.526452898370055156e+00 1.091710562971604306e-03
1.011637979766207007e-01 7.201572182792339584e-05 8.225841417265958855e-01 3.850614686295025617e-03
1.084365968689608717e-01 2.458857758556395014e-05 4.156001843277103425e-01 1.232278077060826663e-02
1.162322468679851811e-01 7.968667107880494818e-06 1.966717838191443801e-01 3.578056132331152578e-02
1.245883364295008178e-01 2.440727852918503479e-06 8.708939513374515384e-02 9.426377257825080402e-02
1.335451562929897418e-01 7.007270957861386360e-07 3.605327994339278808e-02 2.253190441545344369e-01
1.431458937523478470e-01 1.867271367670554797e-07 1.372906851487604510e-02 4.886522767030420655e-01
1.534368408930009975e-01 4.593602689439988683e-08 4.908176303683417160e-03 9.614849349489654751e-01
1.644676177994662813e-01 1.050734749851025035e-08 1.678256874211400684e-03 1.716389004842616028e+00
1.762914118095947891e-01 2.290704129518367422e-09 5.495446923427732902e-04 2.779769834442586518e+00
1.889652339691207661e-01 4.916859174120718861e-10 1.665485420327234250e-04 4.084232544054799519e+00
2.025501939230666404e-01 1.049938229890824768e-10 4.450155010418927837e-05 5.443886045358128811e+00
2.171117945694500950e-01 2.161579770929085339e-11 1.023428761665302214e-05 6.582533210855890715e+00
2.327202478960407328e-01 4.062556164217218282e-12 2.106714926985078802e-06 7.220236983875104819e+00
2.494508135230316670e-01 6.634325989083626348e-13 4.383077214232936545e-07 7.184121850099931095e+00
2.673841615839944175e-01 9.104483144605305958e-14 1.011289136594924484e-07 6.484105171186433481e+00
2.866067616948250185e-01 1.035219981690631601e-14 2.370070499601194079e-08 5.308499565747737847e+00
3.072112998861752931e-01 1.000673454679015177e-15 4.841555483673129946e-09 3.942133069087318642e+00
3.292971255097147942e-01 9.375080135696310321e-17 7.852635662308506394e-10 2.655352531780780900e+00
3.529707302730650254e-01 1.086022360879800613e-17 9.660703913264095065e-11 1.622331358097270693e+00
3.783462617131925221e-01 1.598802124865766188e-18 8.874034200531087015e-12 8.990419325373580905e-01
4.055460735840827891e-01 2.365543876015464287e-19 6.590267762060053277e-13 4.518992500919319921e-01
4.347013158125017651e-01 3.006233635775590403e-20 6.067306590388018787e-14 0.000000000000000000e+00
4.659525668664677434e-01 3.092861939585981689e-21 1.005817360636583382e-14 0.000000000000000000e+00
4.994505115855140120e-01 2.499696080337717567e-22 1.857739286906455355e-15 0.000000000000000000e+00
5.353566677410719343e-01 1.546283004763100200e-23 2.771825670342954033e-16 0.000000000000000000e+00
5.738441648302392561e-01 7.121786739183976076e-25 3.094462702431877452e-17 0.000000000000000000e+00
6.150985788580504154e-01 2.370051388413413605e-26 2.495598062824151262e-18 0.000000000000000000e+00
6.593188271333542128e-01 5.530753249842399923e-28 1.405677733879875404e-19 0.000000000000000000e+00
7.067181273927490848e-01 9.167669684215948272e-30 5.330204116182759289e-21 0.000000000000000000e+00
7.575250258771905054e-01 1.911299313471476734e-31 1.306819533895389297e-22 0.000000000000000000e+00
8.119844993184008874e-01 1.693561298871559474e-32 1.988622662291174313e-24 0.000000000000000000e+00
8.703591361485165656e-01 2.122727148589588882e-33 2.030437628339076510e-26 0.000000000000000000e+00
9.329304026284677143e-01 2.206207868259708972e-34 7.525921102625193633e-28 0.000000000000000000e+00
1.000000000000000000e+00 1.804527657187882845e-35 1.317502363339547393e-28 0.000000000000000000e+00
