# Posterior distribution for f, given N = 1 merger events in ET. PBH Mass: 10.0 M_sunPrior: jeffreys
# Columns: f, P(f|N)
9.999999999999999547e-07 7.246589174428889635e+01
1.071891319205128528e-06 8.324571817517015404e+01
1.148951000187308475e-06 9.562672102427646337e+01
1.231550603292826123e-06 1.098459622215815727e+02
1.320088400831416760e-06 1.261753560495850905e+02
1.414991297434575852e-06 1.449267142707505798e+02
1.516716888470924146e-06 1.664574962092901842e+02
1.625755666443793459e-06 1.911773540344602225e+02
1.742633386009650705e-06 2.195555722807528696e+02
1.867913599020780929e-06 2.521295092832860973e+02
2.002200371815584564e-06 2.895141562353201721e+02
2.146141197858405979e-06 3.324129363165017139e+02
2.300430119772916844e-06 3.816298708499815575e+02
2.465811075822603893e-06 4.380832404179660671e+02
2.643081486974102836e-06 5.028208645182639884e+02
2.833096101839324281e-06 5.770371112793270640e+02
3.036771118035460538e-06 6.620917257682796162e+02
3.255088599835056550e-06 7.595305272994294228e+02
3.489101213406773843e-06 8.711079673508062342e+02
3.739937302478793814e-06 9.988114530625484804e+02
4.008806328898464506e-06 1.144887217641295820e+03
4.297004704320844031e-06 1.311867346694027447e+03
4.605922041145103558e-06 1.502597334008450389e+03
4.937047852839003774e-06 1.720263223663985173e+03
5.291978735958436362e-06 1.968416975954962481e+03
5.672426068491977286e-06 2.250998146932890450e+03
6.080224261649427418e-06 2.572349266375229035e+03
6.517339604882419798e-06 2.937221405121634689e+03
6.985879746785248997e-06 3.350765308269388242e+03
7.488103857590030710e-06 3.818502108074522766e+03
8.026433522257174640e-06 4.346266003243457817e+03
8.603464416684508890e-06 4.940109406031510844e+03
9.221978823334321272e-06 5.606158961597670896e+03
9.884959046625586455e-06 6.350408646838661298e+03
1.059560179277614854e-05 7.178434069514183648e+03
1.135733358343105172e-05 8.095010469146282048e+03
1.217382727739661976e-05 9.103616326439983823e+03
1.304901978014401602e-05 1.020580573931788240e+04
1.398713102647238687e-05 1.140043696552555411e+04
1.499268432786047117e-05 1.268275326578720160e+04
1.607052818261638468e-05 1.404332723914912822e+04
1.722585965398787565e-05 1.546690323759291459e+04
1.846424942895542385e-05 1.693120602816554674e+04
1.979166867853557454e-05 1.840582866803634170e+04
2.121451784910627868e-05 1.985136773215409994e+04
2.273965752357927516e-05 2.121903538220765040e+04
2.437444150122221616e-05 2.245103589156559610e+04
2.612675225563326344e-05 2.348203277398463251e+04
2.800503894183631128e-05 2.424202738463043715e+04
3.001835813575592089e-05 2.466089012313363492e+04
3.217641750250735676e-05 2.467459966189086845e+04
3.448962260405759859e-05 2.423293300660553359e+04
3.696912707195024335e-05 2.330791689056290852e+04
3.962688638701478144e-05 2.190185510480866287e+04
4.247571552536893796e-05 2.005330728135716345e+04
4.552935074866947907e-05 1.783919323347975660e+04
4.880251583654433487e-05 1.537143561092610980e+04
5.231099308056257952e-05 1.278737487242406678e+04
5.607169938205458130e-05 1.023456839920886705e+04
6.010276782070387642e-05 7.852237577374684406e+03
6.442363508721369713e-05 5.753019352296739271e+03
6.905513520162330260e-05 4.009183760875214375e+03
7.401959996915637120e-05 2.646664943047843281e+03
7.934096665797492082e-05 1.648186079517349071e+03
8.504489341802668747e-05 9.641093967298028247e+02
9.115888299750818402e-05 5.274556437515783500e+02
9.771241535346501675e-05 2.687207217064212728e+02
1.047370897959449686e-04 1.269369172622185715e+02
1.122667773510813578e-04 5.535697418376199863e+01
1.203377840777589337e-04 2.219216643388139687e+01
1.289890261253308021e-04 8.144098915537558270e+00
1.382622173764654864e-04 2.724647757777066914e+00
1.482020705798858503e-04 8.276579946902115070e-01
1.588565129428052810e-04 2.273842384317930343e-01
1.702769172225899476e-04 5.628400222811668491e-02
1.825183494319042592e-04 1.250618591016097042e-02
1.956398343517062703e-04 2.485629735902968821e-03
2.097046401323232709e-04 4.403863491301609470e-04
2.247805833548725178e-04 6.932504721386028093e-05
2.409403560239524325e-04 9.665799087247389134e-06
2.582618760682674902e-04 1.190058430717818521e-06
2.768286630392063972e-04 1.290126858281947897e-07
2.967302408188869536e-04 1.228115759042932331e-08
3.180625692794118915e-04 1.023896076207789925e-09
3.409285069746810937e-04 7.457720540448979260e-11
3.654383070957254701e-04 4.734457763058695399e-12
3.917101490809256391e-04 2.613871343434957194e-13
4.198707084443910179e-04 1.252388377776082739e-14
4.500557675700497698e-04 5.197333562297655735e-16
4.824108704165368721e-04 1.864702663400711419e-17
5.170920242896755517e-04 5.774067524897092307e-19
5.542664520663101490e-04 1.540667986555008753e-20
5.941133984965033281e-04 3.537202017081489934e-22
6.368249944718586218e-04 6.978493032978511290e-24
6.826071834272385728e-04 1.181687878891655873e-25
7.316807143427192690e-04 1.715677187715477434e-27
7.842822061337682274e-04 2.133929221335647170e-29
8.406652885618325121e-04 2.272104159338513572e-31
9.011018251665018231e-04 2.069903111967047369e-33
9.658832241158698054e-04 1.612869114317509119e-35
1.035321843295661671e-03 1.074783009039855351e-37
1.109752496412072130e-03 6.125763965803913030e-40
1.189534067370319513e-03 2.987256164569319587e-42
1.275051240713012809e-03 1.247190769428103302e-44
1.366716356462005988e-03 4.462204529727781570e-47
1.464971398307284749e-03 1.369858127397978496e-49
1.570290124729377445e-03 3.614296794108860656e-52
1.683180353330956556e-03 8.212591803104450446e-55
1.804186409392071833e-03 1.611086903372694345e-57
1.933891750455230159e-03 2.736630569570968436e-60
2.072921779595369735e-03 4.038899370432740273e-63
2.221946860939523916e-03 5.199680019310831378e-66
2.381685551976158062e-03 5.865535508074300352e-69
2.552908068239516468e-03 5.826985679288731453e-72
2.736439997074669155e-03 5.126345373493683844e-75
2.933166278390042427e-03 4.018341282128388877e-78
3.144035471591500111e-03 2.824978192194648831e-81
3.370064329271928172e-03 1.793684333698747825e-84
3.612342699709430310e-03 1.036128723096285742e-87
3.872038781812553020e-03 5.486363053179653103e-91
4.150404757850472380e-03 2.683235075282976513e-94
4.448782831127585241e-03 1.221248392680157554e-97
4.768611697714469390e-03 5.210555707443468118e-101
5.111433483440165799e-03 2.098384398334489135e-104
5.478901179593939109e-03 8.026847826811783281e-108
5.872786613189477124e-03 2.932852156845983634e-111
6.294988990221887619e-03 1.028448852040144994e-114
6.747544053110693212e-03 3.474432115366953737e-118
7.232633896483533706e-03 1.134055222212586254e-121
7.752597488629456302e-03 3.583047359002144999e-125
8.309941949353387078e-03 1.096861534991505026e-128
8.907354638610439843e-03 3.253645618163382439e-132
9.547716114208055702e-03 9.345748231306557514e-136
1.023411402105452693e-02 2.596015717269489095e-139
1.096985797892384082e-02 6.960569001287706136e-143
1.175849554052155709e-02 1.797397162308982745e-146
1.260382929679727468e-02 4.458556976466463888e-150
1.350993521198025175e-02 1.059494682208029400e-153
1.448118227674533021e-02 2.404977080519113535e-157
1.552225357427047987e-02 5.199528279339522392e-161
1.663816886076127308e-02 1.067563280557573623e-164
1.783430876931909465e-02 2.075659599724466530e-168
1.911644075385699609e-02 3.811018148354487749e-172
2.049074689815846145e-02 6.589930066323233643e-176
2.196385372416546911e-02 1.070428795276792437e-179
2.354286414322415491e-02 1.629328566618071374e-183
2.523539170434765944e-02 2.318609851452262261e-187
2.704959730463131484e-02 3.077997394123013602e-191
2.899422853882875281e-02 3.804028891973145113e-195
3.107866187782013997e-02 4.368452553043338636e-199
3.331294787934670210e-02 4.653202790617906276e-203
3.570785964900462933e-02 4.589937261157616538e-207
3.827494478516307169e-02 4.186368775889375014e-211
4.102658105827190066e-02 3.525681795062928504e-215
4.397603609302721400e-02 2.738251696964495225e-219
4.713753134116719506e-02 1.958961739072411717e-223
5.052631065335679711e-02 1.289566222627688118e-227
5.415871378079464837e-02 7.803892593284776139e-232
5.805225516094895954e-02 4.337632431145161045e-236
6.222570836730231120e-02 2.212728008267751999e-240
6.669919663030114687e-02 1.035214531348875797e-244
7.149428986597576585e-02 4.438982259851279521e-249
7.663410868007446142e-02 1.743567239317698485e-253
8.214343584919421570e-02 6.270080326240053865e-258
8.804883581643464796e-02 2.063414728053918653e-262
9.437878277775371694e-02 6.211546435643196815e-267
1.011637979766207007e-01 1.709827790415634144e-271
1.084365968689608717e-01 4.302303927915589590e-276
1.162322468679851811e-01 9.892768834411814550e-281
1.245883364295008178e-01 2.078205279986150844e-285
1.335451562929897418e-01 3.987594087054494786e-290
1.431458937523478470e-01 6.987061025049500087e-295
1.534368408930009975e-01 1.117785058903437790e-299
1.644676177994662813e-01 1.632413405607276655e-304
1.762914118095947891e-01 2.175934867804693411e-309
1.889652339691207661e-01 2.646542690839954875e-314
2.025501939230666404e-01 0.000000000000000000e+00
2.171117945694500950e-01 0.000000000000000000e+00
2.327202478960407328e-01 0.000000000000000000e+00
2.494508135230316670e-01 0.000000000000000000e+00
2.673841615839944175e-01 0.000000000000000000e+00
2.866067616948250185e-01 0.000000000000000000e+00
3.072112998861752931e-01 0.000000000000000000e+00
3.292971255097147942e-01 0.000000000000000000e+00
3.529707302730650254e-01 0.000000000000000000e+00
3.783462617131925221e-01 0.000000000000000000e+00
4.055460735840827891e-01 0.000000000000000000e+00
4.347013158125017651e-01 0.000000000000000000e+00
4.659525668664677434e-01 0.000000000000000000e+00
4.994505115855140120e-01 0.000000000000000000e+00
5.353566677410719343e-01 0.000000000000000000e+00
5.738441648302392561e-01 0.000000000000000000e+00
6.150985788580504154e-01 0.000000000000000000e+00
6.593188271333542128e-01 0.000000000000000000e+00
7.067181273927490848e-01 0.000000000000000000e+00
7.575250258771905054e-01 0.000000000000000000e+00
8.119844993184008874e-01 0.000000000000000000e+00
8.703591361485165656e-01 0.000000000000000000e+00
9.329304026284677143e-01 0.000000000000000000e+00
1.000000000000000000e+00 0.000000000000000000e+00
