# Posterior distribution for f, given N = 3 merger events in ET. PBH Mass: 10.0 M_sunPrior: jeffreys
# Columns: f, P(f|N)
9.999999999999999547e-07 2.705985241216959342e-05
1.071891319205128528e-06 4.103384467654441932e-05
1.148951000187308475e-06 6.222228276200082720e-05
1.231550603292826123e-06 9.434842829212115455e-05
1.320088400831416760e-06 1.430560293715414069e-04
1.414991297434575852e-06 2.168991578436933818e-04
1.516716888470924146e-06 3.288416514193830804e-04
1.625755666443793459e-06 4.985281038362922475e-04
1.742633386009650705e-06 7.557226766328988118e-04
1.867913599020780929e-06 1.145514993327682298e-03
2.002200371815584564e-06 1.736198940420275068e-03
2.146141197858405979e-06 2.631192893059865721e-03
2.300430119772916844e-06 3.987067704339044942e-03
2.465811075822603893e-06 6.040800331688166332e-03
2.643081486974102836e-06 9.150953949956470990e-03
2.833096101839324281e-06 1.385986569229232315e-02
3.036771118035460538e-06 2.098749764665890777e-02
3.255088599835056550e-06 3.177296636914602596e-02
3.489101213406773843e-06 4.808778830025271095e-02
3.739937302478793814e-06 7.275686115234440698e-02
4.008806328898464506e-06 1.100410573686072119e-01
4.297004704320844031e-06 1.663618403648487176e-01
4.605922041145103558e-06 2.513876182869954623e-01
4.937047852839003774e-06 3.796595489117690070e-01
5.291978735958436362e-06 5.730197165457244779e-01
5.672426068491977286e-06 8.642291291195024483e-01
6.080224261649427418e-06 1.302343854613828178e+00
6.517339604882419798e-06 1.960678398477422313e+00
6.985879746785248997e-06 2.948558123796899189e+00
7.488103857590030710e-06 4.428589515773610152e+00
8.026433522257174640e-06 6.641912617639980532e+00
8.603464416684508890e-06 9.944910040093626336e+00
9.221978823334321272e-06 1.486220590241796913e+01
9.884959046625586455e-06 2.216256828330316608e+01
1.059560179277614854e-05 3.296657825640542683e+01
1.135733358343105172e-05 4.889762820622128459e+01
1.217382727739661976e-05 7.229080077148879013e+01
1.304901978014401602e-05 1.064770329720067537e+02
1.398713102647238687e-05 1.561618164795374923e+02
1.499268432786047117e-05 2.279169515255863985e+02
1.607052818261638468e-05 3.307979693575695137e+02
1.722585965398787565e-05 4.770848468280536281e+02
1.846424942895542385e-05 6.831141444044659465e+02
1.979166867853557454e-05 9.701200928532426815e+02
2.121451784910627868e-05 1.364923876665261105e+03
2.273965752357927516e-05 1.900200855657667489e+03
2.437444150122221616e-05 2.613919598873653285e+03
2.612675225563326344e-05 3.547406001742660010e+03
2.800503894183631128e-05 4.741389124399302091e+03
3.001835813575592089e-05 6.229417120665477341e+03
3.217641750250735676e-05 8.028310550501225407e+03
3.448962260405759859e-05 1.012597563519582400e+04
3.696912707195024335e-05 1.246800974831554777e+04
3.962688638701478144e-05 1.494601889667083924e+04
4.247571552536893796e-05 1.739207682293021571e+04
4.552935074866947907e-05 1.958458062198455082e+04
4.880251583654433487e-05 2.126993591044683126e+04
5.231099308056257952e-05 2.220120044059287829e+04
5.607169938205458130e-05 2.218898664063192336e+04
6.010276782070387642e-05 2.115300322970063280e+04
6.442363508721369713e-05 1.915764502121862097e+04
6.905513520162330260e-05 1.641566827733157697e+04
7.401959996915637120e-05 1.325231037676153755e+04
7.934096665797492082e-05 1.003648863838622128e+04
8.504489341802668747e-05 7.099883353678481399e+03
9.115888299750818402e-05 4.671047889379377921e+03
9.771241535346501675e-05 2.845696151151210870e+03
1.047370897959449686e-04 1.598468310654728612e+03
1.122667773510813578e-04 8.243522314091416092e+02
1.203377840777589337e-04 3.886840199065568413e+02
1.289890261253308021e-04 1.668684476091891042e+02
1.382622173764654864e-04 6.496908207255486900e+01
1.482020705798858503e-04 2.285088643819008425e+01
1.588565129428052810e-04 7.233083072515609224e+00
1.702769172225899476e-04 2.052969701660855684e+00
1.825183494319042592e-04 5.206565770648107216e-01
1.956398343517062703e-04 1.175868521262335986e-01
2.097046401323232709e-04 2.357176838076987385e-02
2.247805833548725178e-04 4.181169328524026764e-03
2.409403560239524325e-04 6.543051446974207028e-04
2.582618760682674902e-04 9.007469645591055323e-05
2.768286630392063972e-04 1.087891194615142330e-05
2.967302408188869536e-04 1.149754473979969165e-06
3.180625692794118915e-04 1.060703859882415616e-07
3.409285069746810937e-04 8.521963208398841208e-09
3.654383070957254701e-04 5.949527944263389125e-10
3.917101490809256391e-04 3.601775857513204334e-11
4.198707084443910179e-04 1.887072995811539536e-12
4.500557675700497698e-04 8.540776146682365450e-14
4.824108704165368721e-04 3.333447642648700864e-15
5.170920242896755517e-04 1.120163066133029069e-16
5.542664520663101490e-04 3.236064763854102264e-18
5.941133984965033281e-04 8.026258716367278838e-20
6.368249944718586218e-04 1.707014202620178758e-21
6.826071834272385728e-04 3.109681678838575293e-23
7.316807143427192690e-04 4.847726837493697315e-25
7.842822061337682274e-04 6.461865448785701186e-27
8.406652885618325121e-04 7.360369031562215729e-29
9.011018251665018231e-04 7.160827320708278606e-31
9.658832241158698054e-04 5.948821386335933090e-33
1.035321843295661671e-03 4.219632548260125572e-35
1.109752496412072130e-03 2.556021277411151157e-37
1.189534067370319513e-03 1.322752579060493729e-39
1.275051240713012809e-03 5.852133437809665287e-42
1.366716356462005988e-03 2.215640709792891929e-44
1.464971398307284749e-03 7.187965127679371459e-47
1.570290124729377445e-03 2.001538087468895413e-49
1.683180353330956556e-03 4.793745137853955801e-52
1.804186409392071833e-03 9.899831499483390564e-55
1.933891750455230159e-03 1.768120468532154311e-57
2.072921779595369735e-03 2.740503196736511005e-60
2.221946860939523916e-03 3.700932858554915565e-63
2.381685551976158062e-03 4.374366870373219347e-66
2.552908068239516468e-03 4.548195352444531803e-69
2.736439997074669155e-03 4.183247744980381237e-72
2.933166278390042427e-03 3.424472532177655357e-75
3.144035471591500111e-03 2.511544491105220310e-78
3.370064329271928172e-03 1.661863596198753172e-81
3.612342699709430310e-03 9.993972941282973152e-85
3.872038781812553020e-03 5.503545780247635419e-88
4.150404757850472380e-03 2.796508571001176638e-91
4.448782831127585241e-03 1.321096382266323795e-94
4.768611697714469390e-03 5.844802933910041730e-98
5.111433483440165799e-03 2.438472931678904648e-101
5.478901179593939109e-03 9.654441382948290381e-105
5.872786613189477124e-03 3.647834725975017169e-108
6.294988990221887619e-03 1.321650581070405301e-111
6.747544053110693212e-03 4.609420046051144801e-115
7.232633896483533706e-03 1.551954312046031840e-118
7.752597488629456302e-03 5.054150983916769031e-122
8.309941949353387078e-03 1.593611286171195856e-125
8.907354638610439843e-03 4.865587800850734135e-129
9.547716114208055702e-03 1.437569077574469469e-132
1.023411402105452693e-02 4.104894453823947417e-136
1.096985797892384082e-02 1.130745482705073556e-139
1.175849554052155709e-02 2.998122918392850310e-143
1.260382929679727468e-02 7.632354766323903805e-147
1.350993521198025175e-02 1.860409118828017122e-150
1.448118227674533021e-02 4.329770910893449095e-154
1.552225357427047987e-02 9.593399103356343918e-158
1.663816886076127308e-02 2.017798201933379918e-161
1.783430876931909465e-02 4.017414032167016207e-165
1.911644075385699609e-02 7.550536107226577675e-169
2.049074689815846145e-02 1.336017891878474633e-172
2.196385372416546911e-02 2.219934185015992717e-176
2.354286414322415491e-02 3.455454122197779014e-180
2.523539170434765944e-02 5.026991439029641732e-184
2.704959730463131484e-02 6.820380862761513802e-188
2.899422853882875281e-02 8.612426716279242720e-192
3.107866187782013997e-02 1.010269495885505634e-195
3.331294787934670210e-02 1.098956959424219864e-199
3.570785964900462933e-02 1.106751279371161019e-203
3.827494478516307169e-02 1.030373737902673633e-207
4.102658105827190066e-02 8.855589721801824784e-212
4.397603609302721400e-02 7.017318926517900764e-216
4.713753134116719506e-02 5.121023334598482256e-220
5.052631065335679711e-02 3.438109617736008367e-224
5.415871378079464837e-02 2.121522139342249012e-228
5.805225516094895954e-02 1.202172055032777787e-232
6.222570836730231120e-02 6.250851111406850559e-237
6.669919663030114687e-02 2.980303358455418330e-241
7.149428986597576585e-02 1.302135652182390862e-245
7.663410868007446142e-02 5.210504619944552813e-250
8.214343584919421570e-02 1.908577223038182466e-254
8.804883581643464796e-02 6.396576689229992590e-259
9.437878277775371694e-02 1.960720597868200639e-263
1.011637979766207007e-01 5.494840890908141099e-268
1.084365968689608717e-01 1.407420489489154491e-272
1.162322468679851811e-01 3.293784923447701520e-277
1.245883364295008178e-01 7.041354648629332495e-282
1.335451562929897418e-01 1.374694223783441471e-286
1.431458937523478470e-01 2.450502879133232572e-291
1.534368408930009975e-01 3.987711334490703524e-296
1.644676177994662813e-01 5.922983992532555868e-301
1.762914118095947891e-01 8.028650685158627960e-306
1.889652339691207661e-01 9.930559867778910082e-311
2.025501939230666404e-01 1.119638938287525216e-315
2.171117945694500950e-01 0.000000000000000000e+00
2.327202478960407328e-01 0.000000000000000000e+00
2.494508135230316670e-01 0.000000000000000000e+00
2.673841615839944175e-01 0.000000000000000000e+00
2.866067616948250185e-01 0.000000000000000000e+00
3.072112998861752931e-01 0.000000000000000000e+00
3.292971255097147942e-01 0.000000000000000000e+00
3.529707302730650254e-01 0.000000000000000000e+00
3.783462617131925221e-01 0.000000000000000000e+00
4.055460735840827891e-01 0.000000000000000000e+00
4.347013158125017651e-01 0.000000000000000000e+00
4.659525668664677434e-01 0.000000000000000000e+00
4.994505115855140120e-01 0.000000000000000000e+00
5.353566677410719343e-01 0.000000000000000000e+00
5.738441648302392561e-01 0.000000000000000000e+00
6.150985788580504154e-01 0.000000000000000000e+00
6.593188271333542128e-01 0.000000000000000000e+00
7.067181273927490848e-01 0.000000000000000000e+00
7.575250258771905054e-01 0.000000000000000000e+00
8.119844993184008874e-01 0.000000000000000000e+00
8.703591361485165656e-01 0.000000000000000000e+00
9.329304026284677143e-01 0.000000000000000000e+00
1.000000000000000000e+00 0.000000000000000000e+00
