# Posterior distribution for f, given N = 80 merger events at LIGO O3. PBH Mass: 0.5 M_sunPrior: jeffreys
# Columns: f, P(f|N)
9.999999999999999547e-07 0.000000000000000000e+00
1.071891319205128528e-06 0.000000000000000000e+00
1.148951000187308475e-06 0.000000000000000000e+00
1.231550603292826123e-06 0.000000000000000000e+00
1.320088400831416760e-06 0.000000000000000000e+00
1.414991297434575852e-06 0.000000000000000000e+00
1.516716888470924146e-06 0.000000000000000000e+00
1.625755666443793459e-06 0.000000000000000000e+00
1.742633386009650705e-06 0.000000000000000000e+00
1.867913599020780929e-06 0.000000000000000000e+00
2.002200371815584564e-06 0.000000000000000000e+00
2.146141197858405979e-06 0.000000000000000000e+00
2.300430119772916844e-06 0.000000000000000000e+00
2.465811075822603893e-06 0.000000000000000000e+00
2.643081486974102836e-06 0.000000000000000000e+00
2.833096101839324281e-06 0.000000000000000000e+00
3.036771118035460538e-06 0.000000000000000000e+00
3.255088599835056550e-06 0.000000000000000000e+00
3.489101213406773843e-06 0.000000000000000000e+00
3.739937302478793814e-06 0.000000000000000000e+00
4.008806328898464506e-06 0.000000000000000000e+00
4.297004704320844031e-06 0.000000000000000000e+00
4.605922041145103558e-06 0.000000000000000000e+00
4.937047852839003774e-06 0.000000000000000000e+00
5.291978735958436362e-06 0.000000000000000000e+00
5.672426068491977286e-06 0.000000000000000000e+00
6.080224261649427418e-06 0.000000000000000000e+00
6.517339604882419798e-06 0.000000000000000000e+00
6.985879746785248997e-06 0.000000000000000000e+00
7.488103857590030710e-06 0.000000000000000000e+00
8.026433522257174640e-06 0.000000000000000000e+00
8.603464416684508890e-06 0.000000000000000000e+00
9.221978823334321272e-06 0.000000000000000000e+00
9.884959046625586455e-06 0.000000000000000000e+00
1.059560179277614854e-05 0.000000000000000000e+00
1.135733358343105172e-05 0.000000000000000000e+00
1.217382727739661976e-05 0.000000000000000000e+00
1.304901978014401602e-05 0.000000000000000000e+00
1.398713102647238687e-05 0.000000000000000000e+00
1.499268432786047117e-05 0.000000000000000000e+00
1.607052818261638468e-05 0.000000000000000000e+00
1.722585965398787565e-05 0.000000000000000000e+00
1.846424942895542385e-05 0.000000000000000000e+00
1.979166867853557454e-05 0.000000000000000000e+00
2.121451784910627868e-05 0.000000000000000000e+00
2.273965752357927516e-05 0.000000000000000000e+00
2.437444150122221616e-05 0.000000000000000000e+00
2.612675225563326344e-05 0.000000000000000000e+00
2.800503894183631128e-05 0.000000000000000000e+00
3.001835813575592089e-05 0.000000000000000000e+00
3.217641750250735676e-05 0.000000000000000000e+00
3.448962260405759859e-05 0.000000000000000000e+00
3.696912707195024335e-05 0.000000000000000000e+00
3.962688638701478144e-05 0.000000000000000000e+00
4.247571552536893796e-05 0.000000000000000000e+00
4.552935074866947907e-05 0.000000000000000000e+00
4.880251583654433487e-05 0.000000000000000000e+00
5.231099308056257952e-05 0.000000000000000000e+00
5.607169938205458130e-05 0.000000000000000000e+00
6.010276782070387642e-05 8.512994158142431849e-317
6.442363508721369713e-05 5.570434510875461085e-312
6.905513520162330260e-05 3.638585742863815876e-307
7.401959996915637120e-05 2.369503751854306363e-302
7.934096665797492082e-05 1.537709237200642071e-297
8.504489341802668747e-05 9.939571987437731939e-293
9.115888299750818402e-05 6.395770449788004571e-288
9.771241535346501675e-05 4.094224877834095028e-283
1.047370897959449686e-04 2.605486985119345032e-278
1.122667773510813578e-04 1.646977888528979321e-273
1.203377840777589337e-04 1.033154757020077243e-268
1.289890261253308021e-04 6.424920354850390777e-264
1.382622173764654864e-04 3.956257802636321680e-259
1.482020705798858503e-04 2.409039457809068382e-254
1.588565129428052810e-04 1.448460320265369164e-249
1.702769172225899476e-04 8.585407106779030634e-245
1.825183494319042592e-04 5.007455550198430453e-240
1.956398343517062703e-04 2.868155141924877405e-235
2.097046401323232709e-04 1.609746647725221836e-230
2.247805833548725178e-04 8.831422247042827845e-226
2.409403560239524325e-04 4.723640795650846454e-221
2.582618760682674902e-04 2.456152168548871311e-216
2.768286630392063972e-04 1.237737953386298911e-211
2.967302408188869536e-04 6.025106128188825487e-207
3.180625692794118915e-04 2.823175440279976632e-202
3.409285069746810937e-04 1.268626721132898682e-197
3.654383070957254701e-04 5.445712726946009765e-193
3.917101490809256391e-04 2.223953385377873710e-188
4.198707084443910179e-04 8.604049042146915721e-184
4.500557675700497698e-04 3.139656721841667665e-179
4.824108704165368721e-04 1.075742582485397942e-174
5.170920242896755517e-04 3.444964596412072672e-170
5.542664520663101490e-04 1.026319605367539533e-165
5.941133984965033281e-04 2.831067411341450034e-161
6.368249944718586218e-04 7.196498091258026156e-157
6.826071834272385728e-04 1.677730911614006541e-152
7.316807143427192690e-04 3.570093874930834259e-148
7.842822061337682274e-04 6.901193438574947410e-144
8.406652885618325121e-04 1.206135306991948994e-139
9.011018251665018231e-04 1.896912108073278172e-135
9.658832241158698054e-04 2.672045169174791716e-131
1.035321843295661671e-03 3.355573663395743104e-127
1.109752496412072130e-03 3.739488485469754898e-123
1.189534067370319513e-03 3.681210858701461130e-119
1.275051240713012809e-03 3.186593224001942615e-115
1.366716356462005988e-03 2.414666623556285763e-111
1.464971398307284749e-03 1.594526108971630336e-107
1.570290124729377445e-03 9.135057557911277644e-104
1.683180353330956556e-03 4.520331869444502816e-100
1.804186409392071833e-03 1.923526217211199609e-96
1.933891750455230159e-03 7.008150544973114838e-93
2.072921779595369735e-03 2.176812229468184190e-89
2.221946860939523916e-03 5.740117649629857201e-86
2.381685551976158062e-03 1.279737616374536615e-82
2.552908068239516468e-03 2.402722966018896512e-79
2.736439997074669155e-03 3.784737478759589896e-76
2.933166278390042427e-03 4.984161470138028263e-73
3.144035471591500111e-03 5.469952109645569772e-70
3.370064329271928172e-03 4.988696596922924852e-67
3.612342699709430310e-03 3.772059767337392882e-64
3.872038781812553020e-03 2.360289923631695558e-61
4.150404757850472380e-03 1.220726068490524229e-58
4.448782831127585241e-03 5.215544605575793180e-56
4.768611697714469390e-03 1.841139623975160110e-53
5.111433483440165799e-03 5.375093883964224126e-51
5.478901179593939109e-03 1.299988228254644041e-48
5.872786613189477124e-03 2.611068899230474032e-46
6.294988990221887619e-03 4.369253904939273768e-44
6.747544053110693212e-03 6.114711314823515881e-42
7.232633896483533706e-03 7.188556404720013313e-40
7.752597488629456302e-03 7.133853295703024567e-38
8.309941949353387078e-03 6.007519250452945463e-36
8.907354638610439843e-03 4.316442023232675133e-34
9.547716114208055702e-03 2.660941028829516698e-32
1.023411402105452693e-02 1.415275543914688807e-30
1.096985797892384082e-02 6.530050592497631210e-29
1.175849554052155709e-02 2.627568559343998264e-27
1.260382929679727468e-02 9.266913612884138975e-26
1.350993521198025175e-02 2.878119454837851020e-24
1.448118227674533021e-02 7.906367823795019001e-23
1.552225357427047987e-02 1.928794678573767506e-21
1.663816886076127308e-02 4.193953823676971138e-20
1.783430876931909465e-02 8.154945348403477188e-19
1.911644075385699609e-02 1.422190142608798701e-17
2.049074689815846145e-02 2.230328656679707563e-16
2.196385372416546911e-02 3.152501808375918332e-15
2.354286414322415491e-02 4.024328695134883595e-14
2.523539170434765944e-02 4.647784546806141972e-13
2.704959730463131484e-02 4.863771198862947221e-12
2.899422853882875281e-02 4.617883762564406290e-11
3.107866187782013997e-02 3.982370956523166953e-10
3.331294787934670210e-02 3.122359638279659136e-09
3.570785964900462933e-02 2.227493859496267477e-08
3.827494478516307169e-02 1.446893554266175904e-07
4.102658105827190066e-02 8.562264669220109570e-07
4.397603609302721400e-02 4.618236115697442617e-06
4.713753134116719506e-02 2.271256151276148448e-05
5.052631065335679711e-02 1.018812730267981464e-04
5.415871378079464837e-02 4.169367786340677246e-04
5.805225516094895954e-02 1.556965626928499130e-03
6.222570836730231120e-02 5.306250070472032926e-03
6.669919663030114687e-02 1.650684148297605278e-02
7.149428986597576585e-02 4.687023134369791566e-02
7.663410868007446142e-02 1.214946259638215176e-01
8.214343584919421570e-02 2.875043962570842382e-01
8.804883581643464796e-02 6.211071444438881484e-01
9.437878277775371694e-02 1.224965013170287609e+00
1.011637979766207007e-01 2.205520198294084633e+00
1.084365968689608717e-01 3.625093684556436546e+00
1.162322468679851811e-01 5.439204162599488690e+00
1.245883364295008178e-01 7.449784056562279488e+00
1.335451562929897418e-01 9.313786272079571660e+00
1.431458937523478470e-01 1.062829220562358756e+01
1.534368408930009975e-01 1.106966454147957002e+01
1.644676177994662813e-01 1.052246323297149821e+01
1.762914118095947891e-01 9.128301742078651415e+00
1.889652339691207661e-01 7.226524036017123009e+00
2.025501939230666404e-01 5.220510059160427652e+00
2.171117945694500950e-01 3.441260757274541504e+00
2.327202478960407328e-01 2.069763220237523349e+00
2.494508135230316670e-01 1.135794359603620629e+00
2.673841615839944175e-01 5.686336488013872259e-01
2.866067616948250185e-01 2.597152442482901780e-01
3.072112998861752931e-01 1.082114050473717420e-01
3.292971255097147942e-01 4.205667092751652625e-02
3.529707302730650254e-01 3.133641711668789381e-02
3.783462617131925221e-01 8.069621017303402546e-03
4.055460735840827891e-01 8.307265102589350952e-04
4.347013158125017651e-01 3.146277215839548956e-05
4.659525668664677434e-01 1.617381232477174175e-06
4.994505115855140120e-01 2.754807415721483371e-06
5.353566677410719343e-01 3.063788143271174290e-06
5.738441648302392561e-01 1.582796677768499045e-06
6.150985788580504154e-01 3.514708113419520584e-07
6.593188271333542128e-01 3.081809953322427380e-08
7.067181273927490848e-01 9.719159107898802150e-10
7.575250258771905054e-01 9.948104193250646844e-12
8.119844993184008874e-01 2.951651270283682899e-14
8.703591361485165656e-01 3.386638299182479807e-17
9.329304026284677143e-01 5.478317849765100210e-17
1.000000000000000000e+00 1.412975619400066436e-16
