# Posterior distribution for f, given N = 10000 merger events in ET. PBH Mass: 10.0 M_sunPrior: jeffreys
# Columns: f, P(f|N)
9.999999999999999547e-07 0.000000000000000000e+00
1.071891319205128528e-06 0.000000000000000000e+00
1.148951000187308475e-06 0.000000000000000000e+00
1.231550603292826123e-06 0.000000000000000000e+00
1.320088400831416760e-06 0.000000000000000000e+00
1.414991297434575852e-06 0.000000000000000000e+00
1.516716888470924146e-06 0.000000000000000000e+00
1.625755666443793459e-06 0.000000000000000000e+00
1.742633386009650705e-06 0.000000000000000000e+00
1.867913599020780929e-06 0.000000000000000000e+00
2.002200371815584564e-06 0.000000000000000000e+00
2.146141197858405979e-06 0.000000000000000000e+00
2.300430119772916844e-06 0.000000000000000000e+00
2.465811075822603893e-06 0.000000000000000000e+00
2.643081486974102836e-06 0.000000000000000000e+00
2.833096101839324281e-06 0.000000000000000000e+00
3.036771118035460538e-06 0.000000000000000000e+00
3.255088599835056550e-06 0.000000000000000000e+00
3.489101213406773843e-06 0.000000000000000000e+00
3.739937302478793814e-06 0.000000000000000000e+00
4.008806328898464506e-06 0.000000000000000000e+00
4.297004704320844031e-06 0.000000000000000000e+00
4.605922041145103558e-06 0.000000000000000000e+00
4.937047852839003774e-06 0.000000000000000000e+00
5.291978735958436362e-06 0.000000000000000000e+00
5.672426068491977286e-06 0.000000000000000000e+00
6.080224261649427418e-06 0.000000000000000000e+00
6.517339604882419798e-06 0.000000000000000000e+00
6.985879746785248997e-06 0.000000000000000000e+00
7.488103857590030710e-06 0.000000000000000000e+00
8.026433522257174640e-06 0.000000000000000000e+00
8.603464416684508890e-06 0.000000000000000000e+00
9.221978823334321272e-06 0.000000000000000000e+00
9.884959046625586455e-06 0.000000000000000000e+00
1.059560179277614854e-05 0.000000000000000000e+00
1.135733358343105172e-05 0.000000000000000000e+00
1.217382727739661976e-05 0.000000000000000000e+00
1.304901978014401602e-05 0.000000000000000000e+00
1.398713102647238687e-05 0.000000000000000000e+00
1.499268432786047117e-05 0.000000000000000000e+00
1.607052818261638468e-05 0.000000000000000000e+00
1.722585965398787565e-05 0.000000000000000000e+00
1.846424942895542385e-05 0.000000000000000000e+00
1.979166867853557454e-05 0.000000000000000000e+00
2.121451784910627868e-05 0.000000000000000000e+00
2.273965752357927516e-05 0.000000000000000000e+00
2.437444150122221616e-05 0.000000000000000000e+00
2.612675225563326344e-05 0.000000000000000000e+00
2.800503894183631128e-05 0.000000000000000000e+00
3.001835813575592089e-05 0.000000000000000000e+00
3.217641750250735676e-05 0.000000000000000000e+00
3.448962260405759859e-05 0.000000000000000000e+00
3.696912707195024335e-05 0.000000000000000000e+00
3.962688638701478144e-05 0.000000000000000000e+00
4.247571552536893796e-05 0.000000000000000000e+00
4.552935074866947907e-05 0.000000000000000000e+00
4.880251583654433487e-05 0.000000000000000000e+00
5.231099308056257952e-05 0.000000000000000000e+00
5.607169938205458130e-05 0.000000000000000000e+00
6.010276782070387642e-05 0.000000000000000000e+00
6.442363508721369713e-05 0.000000000000000000e+00
6.905513520162330260e-05 0.000000000000000000e+00
7.401959996915637120e-05 0.000000000000000000e+00
7.934096665797492082e-05 0.000000000000000000e+00
8.504489341802668747e-05 0.000000000000000000e+00
9.115888299750818402e-05 0.000000000000000000e+00
9.771241535346501675e-05 0.000000000000000000e+00
1.047370897959449686e-04 0.000000000000000000e+00
1.122667773510813578e-04 0.000000000000000000e+00
1.203377840777589337e-04 0.000000000000000000e+00
1.289890261253308021e-04 0.000000000000000000e+00
1.382622173764654864e-04 0.000000000000000000e+00
1.482020705798858503e-04 0.000000000000000000e+00
1.588565129428052810e-04 0.000000000000000000e+00
1.702769172225899476e-04 0.000000000000000000e+00
1.825183494319042592e-04 0.000000000000000000e+00
1.956398343517062703e-04 0.000000000000000000e+00
2.097046401323232709e-04 0.000000000000000000e+00
2.247805833548725178e-04 0.000000000000000000e+00
2.409403560239524325e-04 0.000000000000000000e+00
2.582618760682674902e-04 0.000000000000000000e+00
2.768286630392063972e-04 0.000000000000000000e+00
2.967302408188869536e-04 0.000000000000000000e+00
3.180625692794118915e-04 0.000000000000000000e+00
3.409285069746810937e-04 0.000000000000000000e+00
3.654383070957254701e-04 0.000000000000000000e+00
3.917101490809256391e-04 0.000000000000000000e+00
4.198707084443910179e-04 0.000000000000000000e+00
4.500557675700497698e-04 0.000000000000000000e+00
4.824108704165368721e-04 0.000000000000000000e+00
5.170920242896755517e-04 0.000000000000000000e+00
5.542664520663101490e-04 0.000000000000000000e+00
5.941133984965033281e-04 0.000000000000000000e+00
6.368249944718586218e-04 0.000000000000000000e+00
6.826071834272385728e-04 0.000000000000000000e+00
7.316807143427192690e-04 0.000000000000000000e+00
7.842822061337682274e-04 0.000000000000000000e+00
8.406652885618325121e-04 0.000000000000000000e+00
9.011018251665018231e-04 0.000000000000000000e+00
9.658832241158698054e-04 0.000000000000000000e+00
1.035321843295661671e-03 0.000000000000000000e+00
1.109752496412072130e-03 0.000000000000000000e+00
1.189534067370319513e-03 0.000000000000000000e+00
1.275051240713012809e-03 1.737867625393496701e-159
1.366716356462005988e-03 7.617968772062490983e-47
1.464971398307284749e-03 3.421006783166292324e-04
1.570290124729377445e-03 1.090621525000395713e-02
1.683180353330956556e-03 6.988540641537303866e-02
1.804186409392071833e-03 4.416938448050404253e-01
1.933891750455230159e-03 2.264261694889018184e+00
2.072921779595369735e-03 9.428161604415958408e+00
2.221946860939523916e-03 3.194224519832707898e+01
2.381685551976158062e-03 8.823011092875238148e+01
2.552908068239516468e-03 1.991597632885918188e+02
2.736439997074669155e-03 3.683816395510488064e+02
2.933166278390042427e-03 5.600830932510585853e+02
3.144035471591500111e-03 7.024025180332012042e+02
3.370064329271928172e-03 7.294570255222662354e+02
3.612342699709430310e-03 6.300429753306791554e+02
3.872038781812553020e-03 4.547190443317359723e+02
4.150404757850472380e-03 2.756247818203168549e+02
4.448782831127585241e-03 1.410675889751462080e+02
4.768611697714469390e-03 6.130629598271077185e+01
5.111433483440165799e-03 2.275386231125726866e+01
5.478901179593939109e-03 7.254533809437160308e+00
5.872786613189477124e-03 1.998419826419333578e+00
6.294988990221887619e-03 4.783535020762548773e-01
6.747544053110693212e-03 1.000371915033225756e-01
7.232633896483533706e-03 2.944748813405590956e-02
7.752597488629456302e-03 8.767377739352263900e-04
8.309941949353387078e-03 4.042824451238801137e-05
8.907354638610439843e-03 6.252113189724060829e-06
9.547716114208055702e-03 1.407622791491381244e-06
1.023411402105452693e-02 6.194901892450703960e-07
1.096985797892384082e-02 6.453011114847939817e-08
1.175849554052155709e-02 2.634839848314426279e-09
1.260382929679727468e-02 4.932720157949351217e-10
1.350993521198025175e-02 1.965320352703994202e-11
1.448118227674533021e-02 2.927840838376127300e-13
1.552225357427047987e-02 2.310965821502814777e-14
1.663816886076127308e-02 4.281656477238849652e-15
1.783430876931909465e-02 1.446451474910929514e-16
1.911644075385699609e-02 4.877540210442301474e-18
2.049074689815846145e-02 4.431113941919485026e-20
2.196385372416546911e-02 3.268468549771263774e-21
2.354286414322415491e-02 4.727573527231313126e-22
2.523539170434765944e-02 1.476531931265576812e-23
2.704959730463131484e-02 2.116280389604052083e-25
2.899422853882875281e-02 4.144593161772899377e-27
3.107866187782013997e-02 5.217349874488230248e-29
3.331294787934670210e-02 6.867343926005840372e-31
3.570785964900462933e-02 3.610508286311317537e-33
3.827494478516307169e-02 1.574300089782137595e-34
4.102658105827190066e-02 1.027003157376213748e-35
4.397603609302721400e-02 1.169318086894555489e-37
4.713753134116719506e-02 7.184874397679233905e-40
5.052631065335679711e-02 9.006381899320820450e-42
5.415871378079464837e-02 2.152295048738416770e-44
5.805225516094895954e-02 9.981796310628196160e-47
6.222570836730231120e-02 1.158157819579677840e-48
6.669919663030114687e-02 5.415654269137109720e-50
7.149428986597576585e-02 2.958788012032197867e-52
7.663410868007446142e-02 1.426970197084855752e-54
8.214343584919421570e-02 4.696434594881368242e-57
8.804883581643464796e-02 2.908803143373747579e-59
9.437878277775371694e-02 3.301914238814407478e-62
1.011637979766207007e-01 1.849701414614128244e-64
1.084365968689608717e-01 2.227230670599581447e-66
1.162322468679851811e-01 3.237378144539021959e-69
1.245883364295008178e-01 4.042377714853587919e-72
1.335451562929897418e-01 2.353926598890713899e-74
1.431458937523478470e-01 4.470796641687056343e-77
1.534368408930009975e-01 1.466114959971705012e-79
1.644676177994662813e-01 2.614357359807308919e-82
1.762914118095947891e-01 5.536891306804641425e-85
1.889652339691207661e-01 1.671166810552717665e-88
2.025501939230666404e-01 8.518639440670600600e-92
2.171117945694500950e-01 2.494934678707018498e-94
2.327202478960407328e-01 6.450120453835962507e-97
2.494508135230316670e-01 4.939245176321473478e-100
2.673841615839944175e-01 6.911014924982357327e-103
2.866067616948250185e-01 4.928065918917436673e-106
3.072112998861752931e-01 3.879756499047905176e-110
3.292971255097147942e-01 1.388571696040282332e-112
3.529707302730650254e-01 2.301313358637133573e-115
3.783462617131925221e-01 6.541265899525840793e-119
4.055460735840827891e-01 3.094115185917743450e-122
4.347013158125017651e-01 1.209116608622582750e-125
4.659525668664677434e-01 1.099752079794256775e-129
4.994505115855140120e-01 4.236820419893128185e-133
5.353566677410719343e-01 9.836252527563731494e-136
5.738441648302392561e-01 2.543857008873523203e-139
6.150985788580504154e-01 3.243707863552814314e-143
6.593188271333542128e-01 1.095213857223195505e-146
7.067181273927490848e-01 2.010469478079378209e-150
7.575250258771905054e-01 6.681238943380934660e-154
8.119844993184008874e-01 1.118030040176523543e-157
8.703591361485165656e-01 2.409185340447720087e-161
9.329304026284677143e-01 6.476041439307231223e-166
1.000000000000000000e+00 4.064172715173040643e-170
