# Posterior distribution for f, given N = 2 merger events in ET. PBH Mass: 10.0 M_sunPrior: jeffreys
# Columns: f, P(f|N)
9.999999999999999547e-07 5.465297490924747592e-02
1.071891319205128528e-06 7.213344195388576852e-02
1.148951000187308475e-06 9.520232894437666293e-02
1.231550603292826123e-06 1.256448758660830556e-01
1.320088400831416760e-06 1.658159264717312398e-01
1.414991297434575852e-06 2.188213077132060980e-01
1.516716888470924146e-06 2.887567801518556854e-01
1.625755666443793459e-06 3.810227367825155254e-01
1.742633386009650705e-06 5.027385174593607120e-01
1.867913599020780929e-06 6.632876511631773386e-01
2.002200371815584564e-06 8.750350668848767555e-01
2.146141197858405979e-06 1.154270006068703669e+00
2.300430119772916844e-06 1.522444897496347149e+00
2.465811075822603893e-06 2.007801931857426059e+00
2.643081486974102836e-06 2.647506908895617350e+00
2.833096101839324281e-06 3.490445900615581465e+00
3.036771118035460538e-06 4.600886593952981940e+00
3.255088599835056550e-06 6.063265575387902118e+00
3.489101213406773843e-06 7.988438614400021009e+00
3.739937302478793814e-06 1.052182714406739272e+01
4.008806328898464506e-06 1.385401521296707372e+01
4.297004704320844031e-06 1.823450232397121340e+01
4.605922041145103558e-06 2.398950420367831526e+01
4.937047852839003774e-06 3.154492085180593719e+01
5.291978735958436362e-06 4.145586321935562779e+01
5.672426068491977286e-06 5.444444780507048876e+01
6.080224261649427418e-06 7.144792825381736634e+01
6.517339604882419798e-06 9.367962129084850176e+01
6.985879746785248997e-06 1.227054723724684209e+02
7.488103857590030710e-06 1.605394417179906839e+02
8.026433522257174640e-06 2.097610853427719348e+02
8.603464416684508890e-06 2.736586174305508052e+02
9.221978823334321272e-06 3.564001556516215032e+02
9.884959046625586455e-06 4.632344572017976816e+02
1.059560179277614854e-05 6.007198123486156192e+02
1.135733358343105172e-05 7.769752875925782973e+02
1.217382727739661976e-05 1.001941459498690392e+03
1.304901978014401602e-05 1.287627282165750785e+03
1.398713102647238687e-05 1.648304884687022195e+03
1.499268432786047117e-05 2.100594182689947502e+03
1.607052818261638468e-05 2.663354075747970910e+03
1.722585965398787565e-05 3.357267793364469981e+03
1.846424942895542385e-05 4.203979955504466488e+03
1.979166867853557454e-05 5.224618914081049297e+03
2.121451784910627868e-05 6.437531595822826603e+03
2.273965752357927516e-05 7.855086947795393826e+03
2.437444150122221616e-05 9.479491436596181302e+03
2.612675225563326344e-05 1.129773172868870279e+04
2.800503894183631128e-05 1.327603634614112889e+04
3.001835813575592089e-05 1.535463091765576610e+04
3.217641750250735676e-05 1.744401150611935736e+04
3.448962260405759859e-05 1.942437489281047237e+04
3.696912707195024335e-05 2.115004362363487962e+04
3.962688638701478144e-05 2.246046369286203117e+04
4.247571552536893796e-05 2.319839265412362147e+04
4.552935074866947907e-05 2.323412598889360379e+04
4.880251583654433487e-05 2.249222392992514870e+04
5.231099308056257952e-05 2.097483488086974467e+04
5.607169938205458130e-05 1.877441152158308978e+04
6.010276782070387642e-05 1.606951619543540983e+04
6.442363508721369713e-05 1.310111933643103657e+04
6.905513520162330260e-05 1.013272036126096464e+04
7.401959996915637120e-05 7.403740823454169004e+03
7.934096665797492082e-05 5.089118036994903377e+03
8.504489341802668747e-05 3.276671988580026209e+03
9.115888299750818402e-05 1.967618452608008056e+03
9.771241535346501675e-05 1.097187480586160973e+03
1.047370897959449686e-04 5.656840495957021631e+02
1.122667773510813578e-04 2.685080782475125147e+02
1.203377840777589337e-04 1.168404162630552605e+02
1.289890261253308021e-04 4.641684208134826406e+01
1.382622173764654864e-04 1.676634317346652736e+01
1.482020705798858503e-04 5.484783721600686057e+00
1.588565129428052810e-04 1.618699822362268836e+00
1.702769172225899476e-04 4.293769414706221643e-01
1.825183494319042592e-04 1.020027668283828709e-01
1.956398343517062703e-04 2.162611166558589537e-02
2.097046401323232709e-04 4.078391790470220317e-03
2.247805833548725178e-04 6.819509622469894063e-04
2.409403560239524325e-04 1.007951828193529313e-04
2.582618760682674902e-04 1.313035141089867763e-05
2.768286630392063972e-04 1.503310303669166901e-06
2.967302408188869536e-04 1.508689755080337531e-07
3.180625692794118915e-04 1.323824156075510413e-08
3.409285069746810937e-04 1.013201022786942266e-09
3.654383070957254701e-04 6.748494050282668426e-11
3.917101490809256391e-04 3.903277221338928414e-12
4.198707084443910179e-04 1.956511448118433142e-13
4.500557675700497698e-04 8.482787603255517303e-15
4.824108704165368721e-04 3.175588801825447618e-16
5.170920242896755517e-04 1.024753777165558312e-17
5.542664520663101490e-04 2.846158725356025412e-19
5.941133984965033281e-04 6.794125281977791345e-21
6.368249944718586218e-04 1.392165555332701056e-22
6.826071834272385728e-04 2.445901861822554809e-24
7.316807143427192690e-04 3.680855333002767945e-26
7.842822061337682274e-04 4.740863124130292048e-28
8.406652885618325121e-04 5.222441277800833870e-30
9.011018251665018231e-04 4.917930182942647604e-32
9.658832241158698054e-04 3.957783480034335327e-34
1.035321843295661671e-03 2.721706992966413994e-36
1.109752496412072130e-03 1.599588582609057426e-38
1.189534067370319513e-03 8.037474202564274886e-41
1.275051240713012809e-03 3.455109067861537262e-43
1.366716356462005988e-03 1.271900088159651067e-45
1.464971398307284749e-03 4.014728311596453396e-48
1.570290124729377445e-03 1.088410151191046365e-50
1.683180353330956556e-03 2.539548012105991660e-53
1.804186409392071833e-03 5.112451343835307745e-56
1.933891750455230159e-03 8.906227589906508248e-59
2.072921779595369735e-03 1.347248036346245742e-61
2.221946860939523916e-03 1.776696168446454354e-64
2.381685551976158062e-03 2.051853857325584506e-67
2.552908068239516468e-03 2.085641834511312148e-70
2.736439997074669155e-03 1.876375296127547239e-73
2.933166278390042427e-03 1.503272409228830390e-76
3.144035471591500111e-03 1.079572041470883114e-79
3.370064329271928172e-03 6.998393935658662467e-83
3.612342699709430310e-03 4.125300642408936873e-86
3.872038781812553020e-03 2.227887220622179592e-89
4.150404757850472380e-03 1.110746961374963349e-92
4.448782831127585241e-03 5.151019120520163711e-96
4.768611697714469390e-03 2.238181542155179755e-99
5.111433483440165799e-03 9.175137801081254257e-103
5.478901179593939109e-03 3.570987436700843855e-106
5.872786613189477124e-03 1.326949759109506102e-109
6.294988990221887619e-03 4.730201118091657627e-113
6.747544053110693212e-03 1.623796896070573557e-116
7.232633896483533706e-03 5.383424263480736330e-120
7.752597488629456302e-03 1.726977020826459147e-123
8.309941949353387078e-03 5.365821684119271821e-127
8.907354638610439843e-03 1.614930199192027407e-130
9.547716114208055702e-03 4.704929984576650447e-134
1.023411402105452693e-02 1.325153610725367995e-137
1.096985797892384082e-02 3.601598069143820373e-141
1.175849554052155709e-02 9.424649055589452871e-145
1.260382929679727468e-02 2.368492755310746790e-148
1.350993521198025175e-02 5.700666771653243814e-152
1.448118227674533021e-02 1.310344974612491559e-155
1.552225357427047987e-02 2.868077898962295751e-159
1.663816886076127308e-02 5.960500708240956624e-163
1.783430876931909465e-02 1.172795162902731419e-166
1.911644075385699609e-02 2.178729767038823997e-170
2.049074689815846145e-02 3.811212076473635919e-174
2.196385372416546911e-02 6.261632974257333091e-178
2.354286414322415491e-02 9.638671150201814798e-182
2.523539170434765944e-02 1.386913245694351815e-185
2.704959730463131484e-02 1.861403364001986844e-189
2.899422853882875281e-02 2.325449815382094123e-193
3.107866187782013997e-02 2.699134703740810804e-197
3.331294787934670210e-02 2.905546919002806816e-201
3.570785964900462933e-02 2.896069673124910254e-205
3.827494478516307169e-02 2.668796350113102749e-209
4.102658105827190066e-02 2.270638201966102633e-213
4.397603609302721400e-02 1.781385560052587704e-217
4.713753134116719506e-02 1.287195940575859128e-221
5.052631065335679711e-02 8.557607129886113418e-226
5.415871378079464837e-02 5.229583877582044208e-230
5.805225516094895954e-02 2.935040815499572063e-234
6.222570836730231120e-02 1.511661363827999826e-238
6.669919663030114687e-02 7.139741993277781898e-243
7.149428986597576585e-02 3.090457912012908060e-247
7.663410868007446142e-02 1.225259008963281005e-251
8.214343584919421570e-02 4.447085442316246731e-256
8.804883581643464796e-02 1.476951599026663808e-260
9.437878277775371694e-02 4.486646128221060840e-265
1.011637979766207007e-01 1.246184948699499211e-269
1.084365968689608717e-01 3.163775539122751382e-274
1.162322468679851811e-01 7.339457169242781385e-279
1.245883364295008178e-01 1.555405779004917030e-283
1.335451562929897418e-01 3.010534950840799774e-288
1.431458937523478470e-01 5.320758973809291356e-293
1.534368408930009975e-01 8.585252500250483160e-298
1.644676177994662813e-01 1.264475964930376819e-302
1.762914118095947891e-01 1.699739676680792229e-307
1.889652339691207661e-01 2.085008603546793112e-312
2.025501939230666404e-01 0.000000000000000000e+00
2.171117945694500950e-01 0.000000000000000000e+00
2.327202478960407328e-01 0.000000000000000000e+00
2.494508135230316670e-01 0.000000000000000000e+00
2.673841615839944175e-01 0.000000000000000000e+00
2.866067616948250185e-01 0.000000000000000000e+00
3.072112998861752931e-01 0.000000000000000000e+00
3.292971255097147942e-01 0.000000000000000000e+00
3.529707302730650254e-01 0.000000000000000000e+00
3.783462617131925221e-01 0.000000000000000000e+00
4.055460735840827891e-01 0.000000000000000000e+00
4.347013158125017651e-01 0.000000000000000000e+00
4.659525668664677434e-01 0.000000000000000000e+00
4.994505115855140120e-01 0.000000000000000000e+00
5.353566677410719343e-01 0.000000000000000000e+00
5.738441648302392561e-01 0.000000000000000000e+00
6.150985788580504154e-01 0.000000000000000000e+00
6.593188271333542128e-01 0.000000000000000000e+00
7.067181273927490848e-01 0.000000000000000000e+00
7.575250258771905054e-01 0.000000000000000000e+00
8.119844993184008874e-01 0.000000000000000000e+00
8.703591361485165656e-01 0.000000000000000000e+00
9.329304026284677143e-01 0.000000000000000000e+00
1.000000000000000000e+00 0.000000000000000000e+00
