# Posterior distribution for f, given N = 80 merger events at LIGO O3. PBH Mass: 0.5 M_sunPrior: log-flat
# Columns: f, P(f|N)
9.999999999999999547e-07 0.000000000000000000e+00
1.071891319205128528e-06 0.000000000000000000e+00
1.148951000187308475e-06 0.000000000000000000e+00
1.231550603292826123e-06 0.000000000000000000e+00
1.320088400831416760e-06 0.000000000000000000e+00
1.414991297434575852e-06 0.000000000000000000e+00
1.516716888470924146e-06 0.000000000000000000e+00
1.625755666443793459e-06 0.000000000000000000e+00
1.742633386009650705e-06 0.000000000000000000e+00
1.867913599020780929e-06 0.000000000000000000e+00
2.002200371815584564e-06 0.000000000000000000e+00
2.146141197858405979e-06 0.000000000000000000e+00
2.300430119772916844e-06 0.000000000000000000e+00
2.465811075822603893e-06 0.000000000000000000e+00
2.643081486974102836e-06 0.000000000000000000e+00
2.833096101839324281e-06 0.000000000000000000e+00
3.036771118035460538e-06 0.000000000000000000e+00
3.255088599835056550e-06 0.000000000000000000e+00
3.489101213406773843e-06 0.000000000000000000e+00
3.739937302478793814e-06 0.000000000000000000e+00
4.008806328898464506e-06 0.000000000000000000e+00
4.297004704320844031e-06 0.000000000000000000e+00
4.605922041145103558e-06 0.000000000000000000e+00
4.937047852839003774e-06 0.000000000000000000e+00
5.291978735958436362e-06 0.000000000000000000e+00
5.672426068491977286e-06 0.000000000000000000e+00
6.080224261649427418e-06 0.000000000000000000e+00
6.517339604882419798e-06 0.000000000000000000e+00
6.985879746785248997e-06 0.000000000000000000e+00
7.488103857590030710e-06 0.000000000000000000e+00
8.026433522257174640e-06 0.000000000000000000e+00
8.603464416684508890e-06 0.000000000000000000e+00
9.221978823334321272e-06 0.000000000000000000e+00
9.884959046625586455e-06 0.000000000000000000e+00
1.059560179277614854e-05 0.000000000000000000e+00
1.135733358343105172e-05 0.000000000000000000e+00
1.217382727739661976e-05 0.000000000000000000e+00
1.304901978014401602e-05 0.000000000000000000e+00
1.398713102647238687e-05 0.000000000000000000e+00
1.499268432786047117e-05 0.000000000000000000e+00
1.607052818261638468e-05 0.000000000000000000e+00
1.722585965398787565e-05 0.000000000000000000e+00
1.846424942895542385e-05 0.000000000000000000e+00
1.979166867853557454e-05 0.000000000000000000e+00
2.121451784910627868e-05 0.000000000000000000e+00
2.273965752357927516e-05 0.000000000000000000e+00
2.437444150122221616e-05 0.000000000000000000e+00
2.612675225563326344e-05 0.000000000000000000e+00
2.800503894183631128e-05 0.000000000000000000e+00
3.001835813575592089e-05 0.000000000000000000e+00
3.217641750250735676e-05 0.000000000000000000e+00
3.448962260405759859e-05 0.000000000000000000e+00
3.696912707195024335e-05 0.000000000000000000e+00
3.962688638701478144e-05 0.000000000000000000e+00
4.247571552536893796e-05 0.000000000000000000e+00
4.552935074866947907e-05 0.000000000000000000e+00
4.880251583654433487e-05 0.000000000000000000e+00
5.231099308056257952e-05 0.000000000000000000e+00
5.607169938205458130e-05 0.000000000000000000e+00
6.010276782070387642e-05 2.289239084193852929e-315
6.442363508721369713e-05 1.399849565486760488e-310
6.905513520162330260e-05 8.537982405970096486e-306
7.401959996915637120e-05 5.192366924057331438e-301
7.934096665797492082e-05 3.147242323772465213e-296
8.504489341802668747e-05 1.900390855241501531e-291
9.115888299750818402e-05 1.142532189825424650e-286
9.771241535346501675e-05 6.835016472327732405e-282
1.047370897959449686e-04 4.065867961588190295e-277
1.122667773510813578e-04 2.403070118666371433e-272
1.203377840777589337e-04 1.409909751118555029e-267
1.289890261253308021e-04 8.203337920661052115e-263
1.382622173764654864e-04 4.727944601806205557e-258
1.482020705798858503e-04 2.695781782965451634e-253
1.588565129428052810e-04 1.518484283917715600e-248
1.702769172225899476e-04 8.436470092322920040e-244
1.825183494319042592e-04 4.614997907427853736e-239
1.956398343517062703e-04 2.480826745843847959e-234
2.097046401323232709e-04 1.307685655066156442e-229
2.247805833548725178e-04 6.743260538899851228e-225
2.409403560239524325e-04 3.392973691141347431e-220
2.582618760682674902e-04 1.661207327103661033e-215
2.768286630392063972e-04 7.890279207367791021e-211
2.967302408188869536e-04 3.623952512699099763e-206
3.180625692794118915e-04 1.603971113839265128e-201
3.409285069746810937e-04 6.816260316290988434e-197
3.654383070957254701e-04 2.770494369895751096e-192
3.917101490809256391e-04 1.072695007187423735e-187
4.198707084443910179e-04 3.939830238601971901e-183
4.500557675700497698e-04 1.366695612557198139e-178
4.824108704165368721e-04 4.457746865911202294e-174
5.170920242896755517e-04 1.360879040564116880e-169
5.542664520663101490e-04 3.870434999915989716e-165
5.941133984965033281e-04 1.020670023710565405e-160
6.368249944718586218e-04 2.483863155361463063e-156
6.826071834272385728e-04 5.551471182987330363e-152
7.316807143427192690e-04 1.134083014449538252e-147
7.842822061337682274e-04 2.107456754937701987e-143
8.406652885618325121e-04 3.545499040611423938e-139
9.011018251665018231e-04 5.374513987678361107e-135
9.658832241158698054e-04 7.306259840000499448e-131
1.035321843295661671e-03 8.865639652973244326e-127
1.109752496412072130e-03 9.557921537608056029e-123
1.189534067370319513e-03 9.112737552401145853e-119
1.275051240713012809e-03 7.648450808657504658e-115
1.366716356462005988e-03 5.625451441891579067e-111
1.464971398307284749e-03 3.609383197841612686e-107
1.570290124729377445e-03 2.011153030236916803e-103
1.683180353330956556e-03 9.688397196420408601e-100
1.804186409392071833e-03 4.017236406881601113e-96
1.933891750455230159e-03 1.427464916497209594e-92
2.072921779595369735e-03 4.327994163733468780e-89
2.221946860939523916e-03 1.114930117319665783e-85
2.381685551976158062e-03 2.430265063042060155e-82
2.552908068239516468e-03 4.464520695921042479e-79
2.736439997074669155e-03 6.885990446108073305e-76
2.933166278390042427e-03 8.885716000498153181e-73
3.144035471591500111e-03 9.562099536411344953e-70
3.370064329271928172e-03 8.556891048588703367e-67
3.612342699709430310e-03 6.352530970681541066e-64
3.872038781812553020e-03 3.905203597278037362e-61
4.150404757850472380e-03 1.985492574409710239e-58
4.448782831127585241e-03 8.343993897280550765e-56
4.768611697714469390e-03 2.898870415690720782e-53
5.111433483440165799e-03 8.333555008779485987e-51
5.478901179593939109e-03 1.985688342549907570e-48
5.872786613189477124e-03 3.931274495654867566e-46
6.294988990221887619e-03 6.487423470461643018e-44
6.747544053110693212e-03 8.957522538569223037e-42
7.232633896483533706e-03 1.039412948036504014e-39
7.752597488629456302e-03 1.018551587506002979e-37
8.309941949353387078e-03 8.472954369637331412e-36
8.907354638610439843e-03 6.015967657939870988e-34
9.547716114208055702e-03 3.666102358705770530e-32
1.023411402105452693e-02 1.928151125557236256e-30
1.096985797892384082e-02 8.799941140004423703e-29
1.175849554052155709e-02 3.503520734958226252e-27
1.260382929679727468e-02 1.222896495292706648e-25
1.350993521198025175e-02 3.759902865068052285e-24
1.448118227674533021e-02 1.022728927438773577e-22
1.552225357427047987e-02 2.471049404173544810e-21
1.663816886076127308e-02 5.322569519668953632e-20
1.783430876931909465e-02 1.025430012038917922e-18
1.911644075385699609e-02 1.772188795123071846e-17
2.049074689815846145e-02 2.754635363275876724e-16
2.196385372416546911e-02 3.859801726210966778e-15
2.354286414322415491e-02 4.885232168233148145e-14
2.523539170434765944e-02 5.594794695400795136e-13
2.704959730463131484e-02 5.806559519433124538e-12
2.899422853882875281e-02 5.468329203297775159e-11
3.107866187782013997e-02 4.678159360805870110e-10
3.331294787934670210e-02 3.639076896216985064e-09
3.570785964900462933e-02 2.576030636062279034e-08
3.827494478516307169e-02 1.660529096037298259e-07
4.102658105827190066e-02 9.752620473966463386e-07
4.397603609302721400e-02 5.221283289416462527e-06
4.713753134116719506e-02 2.549058541741278317e-05
5.052631065335679711e-02 1.135176234838346606e-04
5.415871378079464837e-02 4.612493778434762349e-04
5.805225516094895954e-02 1.710333387089176763e-03
6.222570836730231120e-02 5.788516098442842914e-03
6.669919663030114687e-02 1.788336629317924253e-02
7.149428986597576585e-02 5.043573677011978923e-02
7.663410868007446142e-02 1.298626645357182918e-01
8.214343584919421570e-02 3.052759505343714541e-01
8.804883581643464796e-02 6.551933860323312375e-01
9.437878277775371694e-02 1.283851332865759032e+00
1.011637979766207007e-01 2.296796765447454813e+00
1.084365968689608717e-01 3.751309475965688645e+00
1.162322468679851811e-01 5.593479965814670329e+00
1.245883364295008178e-01 7.613839642924170370e+00
1.335451562929897418e-01 9.460829434521871306e+00
1.431458937523478470e-01 1.073095290837137483e+01
1.534368408930009975e-01 1.110988248281883983e+01
1.644676177994662813e-01 1.049833387101591597e+01
1.762914118095947891e-01 9.054158604700544899e+00
1.889652339691207661e-01 7.126386125562693685e+00
2.025501939230666404e-01 5.118712460739970105e+00
2.171117945694500950e-01 3.355049068062727624e+00
2.327202478960407328e-01 2.006598844063219200e+00
2.494508135230316670e-01 1.095021932534277376e+00
2.673841615839944175e-01 5.452090245374959787e-01
2.866067616948250185e-01 2.476617806267472355e-01
3.072112998861752931e-01 1.026334463520698348e-01
3.292971255097147942e-01 3.991526576105167146e-02
3.529707302730650254e-01 2.960016274574482284e-02
3.783462617131925221e-01 7.263425047045557990e-03
4.055460735840827891e-01 7.125287103047415983e-04
4.347013158125017651e-01 2.580824916146088715e-05
4.659525668664677434e-01 1.633924055286935853e-06
4.994505115855140120e-01 2.841469573272846549e-06
5.353566677410719343e-01 3.011890534443933446e-06
5.738441648302392561e-01 1.482780769567132422e-06
6.150985788580504154e-01 3.137739886061495857e-07
6.593188271333542128e-01 2.621886684687187371e-08
7.067181273927490848e-01 7.879917381498648540e-10
7.575250258771905054e-01 7.686395371336349818e-12
8.119844993184008874e-01 2.173472514630363973e-14
8.703591361485165656e-01 2.887684613343432084e-17
9.329304026284677143e-01 5.993869561577653416e-17
1.000000000000000000e+00 1.473377454190158260e-16
