# Posterior distribution for f, given N merger events. PBH Mass: 0.6 M_sun
# Columns: f, P(f|N=1), P(f|N=10), P(f|N=100)
9.999999999999999547e-07 4.660360534298651616e-06 1.981696574546889066e-80 0.000000000000000000e+00
1.071891319205128528e-06 5.354525301188323719e-06 7.944232997714698833e-80 0.000000000000000000e+00
1.148951000187308475e-06 6.152086463771511127e-06 3.184687096569919144e-79 0.000000000000000000e+00
1.231550603292826123e-06 7.068444985193963743e-06 1.276678493455784040e-78 0.000000000000000000e+00
1.320088400831416760e-06 8.121295809459312093e-06 5.117953010056844447e-78 0.000000000000000000e+00
1.414991297434575852e-06 9.330969550231878635e-06 2.051686598072603136e-77 0.000000000000000000e+00
1.516716888470924146e-06 1.072082507405097362e-05 8.224807135020239059e-77 0.000000000000000000e+00
1.625755666443793459e-06 1.231770055861139552e-05 3.297162835783926605e-76 0.000000000000000000e+00
1.742633386009650705e-06 1.415243191558511941e-05 1.321767407576527845e-75 0.000000000000000000e+00
1.867913599020780929e-06 1.626044753358021560e-05 5.298703869864395208e-75 0.000000000000000000e+00
2.002200371815584564e-06 1.868245340453851837e-05 2.124145311025056805e-74 0.000000000000000000e+00
2.146141197858405979e-06 2.146521850187474447e-05 8.515276595360382019e-74 0.000000000000000000e+00
2.300430119772916844e-06 2.466247803815495784e-05 3.413604908123479590e-73 0.000000000000000000e+00
2.465811075822603893e-06 2.833597108188603444e-05 1.368446126077485463e-72 0.000000000000000000e+00
2.643081486974102836e-06 3.255663272544373276e-05 5.485826983119454288e-72 0.000000000000000000e+00
2.833096101839324281e-06 3.740596382392998752e-05 2.199158117249185959e-71 0.000000000000000000e+00
3.036771118035460538e-06 4.297760475336709959e-05 8.815983092942251930e-71 0.000000000000000000e+00
3.255088599835056550e-06 4.937914357589944290e-05 3.534150013652057337e-70 0.000000000000000000e+00
3.489101213406773843e-06 5.673419352561081560e-05 1.416769323550947135e-69 0.000000000000000000e+00
3.739937302478793814e-06 6.518477992858013855e-05 5.679540976664694795e-69 0.000000000000000000e+00
4.008806328898464506e-06 7.489408264521513930e-05 2.276812416682539666e-68 0.000000000000000000e+00
4.297004704320844031e-06 8.604958698708404998e-05 9.127275925341839100e-68 0.000000000000000000e+00
4.605922041145103558e-06 9.886670394688617310e-05 3.658937706335235738e-67 0.000000000000000000e+00
4.937047852839003774e-06 1.135929296410411826e-04 1.466792735802863517e-66 0.000000000000000000e+00
5.291978735958436362e-06 1.305126242745483151e-04 5.880068362212879332e-66 0.000000000000000000e+00
5.672426068491977286e-06 1.499525028981166675e-04 2.357197001814821745e-65 0.000000000000000000e+00
6.080224261649427418e-06 1.722879439688898161e-04 9.449509236219126597e-65 0.000000000000000000e+00
6.517339604882419798e-06 1.979502375135195810e-04 3.788109153440397068e-64 0.000000000000000000e+00
6.985879746785248997e-06 2.274349128304429255e-04 1.518572597862388054e-63 0.000000000000000000e+00
7.488103857590030710e-06 2.613113065068263410e-04 6.087632991359326364e-63 0.000000000000000000e+00
8.026433522257174640e-06 3.002335554667215117e-04 2.440400905387039367e-62 0.000000000000000000e+00
8.603464416684508890e-06 3.449532272721756907e-04 9.783036798277211558e-62 0.000000000000000000e+00
9.221978823334321272e-06 3.963338314985804535e-04 3.921804773385765689e-61 0.000000000000000000e+00
9.884959046625586455e-06 4.553674923087205157e-04 1.572164574296563254e-60 0.000000000000000000e+00
1.059560179277614854e-05 5.231941040561214045e-04 6.302455210475975052e-60 0.000000000000000000e+00
1.135733358343105172e-05 6.011233396612747576e-04 2.526511205173510203e-59 0.000000000000000000e+00
1.217382727739661976e-05 6.906599365465846850e-04 1.012820206371902874e-58 0.000000000000000000e+00
1.304901978014401602e-05 7.935327481472877241e-04 4.060159724465384059e-58 0.000000000000000000e+00
1.398713102647238687e-05 9.117281216534920719e-04 1.627621712850918128e-57 0.000000000000000000e+00
1.499268432786047117e-05 1.047528246079054964e-03 6.524742573969073662e-57 0.000000000000000000e+00
1.607052818261638468e-05 1.203555210601907474e-03 2.615608807466740139e-56 0.000000000000000000e+00
1.722585965398787565e-05 1.382821623218386626e-03 1.048531901025107762e-55 0.000000000000000000e+00
1.846424942895542385e-05 1.588788766215097712e-03 4.203295199517602212e-55 0.000000000000000000e+00
1.979166867853557454e-05 1.825433410212817060e-03 1.684990485918271610e-54 0.000000000000000000e+00
2.121451784910627868e-05 2.097324575361188617e-03 6.754671834573317866e-54 0.000000000000000000e+00
2.273965752357927516e-05 2.409711719855904630e-03 2.707760249189125966e-53 0.000000000000000000e+00
2.437444150122221616e-05 2.768626055974384142e-03 1.085463480589590738e-52 0.000000000000000000e+00
2.612675225563326344e-05 3.180996946485221966e-03 4.351301414044046590e-52 0.000000000000000000e+00
2.800503894183631128e-05 3.654785624398255127e-03 1.744303035218702666e-51 0.000000000000000000e+00
3.001835813575592089e-05 4.199138812106850346e-03 6.992353571705541879e-51 0.000000000000000000e+00
3.217641750250735676e-05 4.824565198359645826e-03 2.803001557532388260e-50 0.000000000000000000e+00
3.448962260405759859e-05 5.543138170429877214e-03 1.123625612604889220e-49 0.000000000000000000e+00
3.696912707195024335e-05 6.368728702621195316e-03 4.504203954319772191e-49 0.000000000000000000e+00
3.962688638701478144e-05 7.317272880346866251e-03 1.805561796159302670e-48 0.000000000000000000e+00
4.247571552536893796e-05 8.407079202291825246e-03 7.237761911682864542e-48 0.000000000000000000e+00
4.552935074866947907e-05 9.659181564014610380e-03 2.901306113883901779e-47 0.000000000000000000e+00
4.880251583654433487e-05 1.109774469890240263e-02 1.163000215525973985e-46 0.000000000000000000e+00
5.231099308056257952e-05 1.275052985280681478e-02 4.661896513886440408e-46 0.000000000000000000e+00
5.607169938205458130e-05 1.464942961532440281e-02 1.868708709493665530e-45 0.000000000000000000e+00
6.010276782070387642e-05 1.683108214444518913e-02 7.490593558813713113e-45 0.000000000000000000e+00
6.442363508721369713e-05 1.933757652592271725e-02 3.002520091155834316e-44 0.000000000000000000e+00
6.905513520162330260e-05 2.221726273111282110e-02 1.203510881916839244e-43 0.000000000000000000e+00
7.401959996915637120e-05 2.552568160762194033e-02 4.824005367408298811e-43 0.000000000000000000e+00
7.934096665797492082e-05 2.932663259024320332e-02 1.933563107679402991e-42 0.000000000000000000e+00
8.504489341802668747e-05 3.369339939392543282e-02 7.749983065651386106e-42 0.000000000000000000e+00
9.115888299750818402e-05 3.871015688920607933e-02 3.106231911853199600e-41 0.000000000000000000e+00
9.771241535346501675e-05 4.447358571189340831e-02 1.244963019705836561e-40 0.000000000000000000e+00
1.047370897959449686e-04 5.109472497637608523e-02 4.989614863295676758e-40 0.000000000000000000e+00
1.122667773510813578e-04 5.870109780477492795e-02 1.999695817373892110e-39 0.000000000000000000e+00
1.203377840777589337e-04 6.743914931682935821e-02 8.013925396828906456e-39 0.000000000000000000e+00
1.289890261253308021e-04 7.747704231774563133e-02 3.211507397591531735e-38 0.000000000000000000e+00
1.382622173764654864e-04 8.900786224784304479e-02 1.286922375610282672e-37 0.000000000000000000e+00
1.482020705798858503e-04 1.022532900970116176e-01 5.156710285334332900e-37 0.000000000000000000e+00
1.588565129428052810e-04 1.174678100189854996e-01 2.066173657265026733e-36 0.000000000000000000e+00
1.702769172225899476e-04 1.349435273846340544e-01 8.278104360984122471e-36 0.000000000000000000e+00
1.825183494319042592e-04 1.550156830645037231e-01 3.316352662903943437e-35 0.000000000000000000e+00
1.956398343517062703e-04 1.780689608926329937e-01 1.328468857690170922e-34 0.000000000000000000e+00
2.097046401323232709e-04 2.045446975811194834e-01 5.321049864236921017e-34 0.000000000000000000e+00
2.247805833548725178e-04 2.349491178428344540e-01 2.131042785400299708e-33 0.000000000000000000e+00
2.409403560239524325e-04 2.698627321065373286e-01 8.533527259642963320e-33 0.000000000000000000e+00
2.582618760682674902e-04 3.099510498760683075e-01 3.416631794560259784e-32 0.000000000000000000e+00
2.768286630392063972e-04 3.559767782991407614e-01 1.367701615864466900e-31 0.000000000000000000e+00
2.967302408188869536e-04 4.088136925441751002e-01 5.473903366029217114e-31 0.000000000000000000e+00
3.180625692794118915e-04 4.694623816256700000e-01 2.190296338311194941e-30 0.000000000000000000e+00
3.409285069746810937e-04 5.390680896119725007e-01 8.761817050377762094e-30 0.000000000000000000e+00
3.654383070957254701e-04 6.189408866052595881e-01 3.503922631902219251e-29 0.000000000000000000e+00
3.917101490809256391e-04 7.105784149750490331e-01 1.400763868081510792e-28 0.000000000000000000e+00
4.198707084443910179e-04 8.156914619523969456e-01 5.597624671563234584e-28 0.000000000000000000e+00
4.500557675700497698e-04 9.362326070068902606e-01 2.235868354632879498e-27 0.000000000000000000e+00
4.824108704165368721e-04 1.074428177634183079e+00 8.926144150754029406e-27 0.000000000000000000e+00
5.170920242896755517e-04 1.232813715271884103e+00 3.561428950395030767e-26 0.000000000000000000e+00
5.542664520663101490e-04 1.414273097522005918e+00 1.420006176127306213e-25 0.000000000000000000e+00
5.941133984965033281e-04 1.622081375320577834e+00 5.657430876655363259e-25 6.064970206809754511e-314
6.368249944718586218e-04 1.859951253556611173e+00 2.251971068479595706e-24 6.192937320649404049e-308
6.826071834272385728e-04 2.132082957673927748e+00 8.954996979792915102e-24 6.280081455068768955e-302
7.316807143427192690e-04 2.443216970768569141e+00 3.556836471122328700e-23 6.318381571501479801e-296
7.842822061337682274e-04 2.798688776156633917e+00 1.410866845216158087e-22 6.299848788872388761e-290
8.406652885618325121e-04 3.204484276581776481e+00 5.587913132813831750e-22 6.217017266770078879e-284
9.011018251665018231e-04 3.667293957496229773e+00 2.209333257543729176e-21 6.063581268457837809e-278
9.658832241158698054e-04 4.194563090635131886e+00 8.717952293727851305e-21 5.835162546801679693e-272
1.035321843295661671e-03 4.794534308026360492e+00 3.432328066808328709e-20 5.530166499510922446e-266
1.109752496412072130e-03 5.476277691970300232e+00 1.347868328562470605e-19 5.150647310274849357e-260
1.189534067370319513e-03 6.249702109055814248e+00 5.277593845841899666e-19 4.703058208399331034e-254
1.275051240713012809e-03 7.125539869344336807e+00 2.059585775836976350e-18 4.198721545930628410e-248
1.366716356462005988e-03 8.115294948334609515e+00 8.007241579086480262e-18 3.653829042115403974e-242
1.464971398307284749e-03 9.231143047152784220e+00 3.099736603963217394e-17 3.088794707081209648e-236
1.570290124729377445e-03 1.048576982788811485e+01 1.194150290390435005e-16 2.526851573670811149e-230
1.683180353330956556e-03 1.189213197452160742e+01 4.575207465680660064e-16 1.991919814184837091e-224
1.804186409392071833e-03 1.346312463136950655e+01 1.742108737307500044e-15 1.505968224071394655e-218
1.933891750455230159e-03 1.521113871912916693e+01 6.587422314948247212e-15 1.086300916032565460e-212
2.072921779595369735e-03 1.714749320556640555e+01 2.471504217628563006e-14 7.433504198527105780e-207
2.221946860939523916e-03 1.928173129235096539e+01 9.191967587568309074e-14 4.795577767039899407e-201
2.381685551976158062e-03 2.162077637784230078e+01 3.385464473527704897e-13 2.897103338528741423e-195
2.552908068239516468e-03 2.416795417746809349e+01 1.233441157405500537e-12 1.627117221805912693e-189
2.736439997074669155e-03 2.692190183908503442e+01 4.440223806483678738e-12 8.430646519140873652e-184
2.933166278390042427e-03 2.987540311330371168e+01 1.577409279543904393e-11 3.997316867811502972e-178
3.144035471591500111e-03 3.301420952594810387e+01 5.523051417395513183e-11 1.719796673447584593e-172
3.370064329271928172e-03 3.631592919431028577e+01 1.903407409181276469e-10 6.656136241588691538e-167
3.612342699709430310e-03 3.974908423773911181e+01 6.447818536154131980e-10 2.297175116373942281e-161
3.872038781812553020e-03 4.327245089544302203e+01 2.144017058636058930e-09 7.008103905906568610e-156
4.150404757850472380e-03 4.683479938147607413e+01 6.988572586560828013e-09 1.873858490175514168e-150
4.448782831127585241e-03 5.037513988340928250e+01 2.230065889104316038e-08 4.355719594464070869e-145
4.768611697714469390e-03 5.382355552259261344e+01 6.957655923837614458e-08 8.735000966489066076e-140
5.111433483440165799e-03 5.710266394751914731e+01 2.119838142441593525e-07 1.500875749805704504e-134
5.478901179593939109e-03 6.012970108759262899e+01 6.300194628825490189e-07 2.196190513429075144e-129
5.872786613189477124e-03 6.281917049981401391e+01 1.824641430772256890e-06 2.722796274078034154e-124
6.294988990221887619e-03 6.508595752531137180e+01 5.144946324643817437e-06 2.848361962516738689e-119
6.747544053110693212e-03 6.684877541186854444e+01 1.411296482709122695e-05 2.506507900644156786e-114
7.232633896483533706e-03 6.803379321794716361e+01 3.763470924052148887e-05 1.851492159715040964e-109
7.752597488629456302e-03 6.857829049538000277e+01 9.750572221796751423e-05 1.146631369114193946e-104
8.309941949353387078e-03 6.843418515488626497e+01 2.453091521814489530e-04 5.950706369932746103e-100
8.907354638610439843e-03 6.757128049739071685e+01 5.990104750264135759e-04 2.588174026262800135e-95
9.547716114208055702e-03 6.598006863295729829e+01 1.419062971240473044e-03 9.438156180323633177e-91
1.023411402105452693e-02 6.367390855371318281e+01 3.260094299259477281e-03 2.887270626102684306e-86
1.096985797892384082e-02 6.069037262891389872e+01 7.259897488344030543e-03 7.412696164984435809e-82
1.175849554052155709e-02 5.709153632763828057e+01 1.566393368366365835e-02 1.597251051976954718e-77
1.260382929679727468e-02 5.296298796201990911e+01 3.272806197352732399e-02 2.886915681155415624e-73
1.350993521198025175e-02 4.841137423443111487e+01 6.618245451400150969e-02 4.370723976838167509e-69
1.448118227674533021e-02 4.356038545527381700e+01 1.294475555413810153e-01 5.529347981784377797e-65
1.552225357427047987e-02 3.854522496546455557e+01 2.447187415497698026e-01 5.823764144693324344e-61
1.663816886076127308e-02 3.350579175814459632e+01 4.468117876684123413e-01 5.080885847552083928e-57
1.783430876931909465e-02 2.857901082055113307e+01 7.872186956117954715e-01 3.647495494488055900e-53
1.911644075385699609e-02 2.389093706890106716e+01 1.337142833570950318e+00 2.136654625629273933e-49
2.049074689815846145e-02 1.954939337081586004e+01 2.187463570306636740e+00 1.010903637630812752e-45
2.196385372416546911e-02 1.563794002836409902e+01 3.442918481075029735e+00 3.815907485785837113e-42
2.354286414322415491e-02 1.221188391708808219e+01 5.207795628690994327e+00 1.132763545063352202e-38
2.523539170434765944e-02 9.296815353847735608e+00 7.561711251507785114e+00 2.600624425166569071e-35
2.704959730463131484e-02 6.889834907882057102e+00 1.052701962261761715e+01 4.530007375782671217e-32
2.899422853882875281e-02 4.963255140801321019e+00 1.403382290521713216e+01 5.858319045436583816e-29
3.107866187782013997e-02 3.470207832293602301e+00 1.789314994901296529e+01 5.489106548712454602e-26
3.331294787934670210e-02 2.351330017523695748e+00 2.179139124812744654e+01 3.626437420570486729e-23
3.570785964900462933e-02 1.541599623299435784e+00 2.531701503858128532e+01 1.639416031055781318e-20
3.827494478516307169e-02 9.764613635211728537e-01 2.802264141530892161e+01 4.908464742121396912e-18
4.102658105827190066e-02 5.966047102653295742e-01 2.951306767555571398e+01 9.398827308591849969e-16
4.397603609302721400e-02 3.510657086181230846e-01 2.953726481590398834e+01 1.109982040937172580e-13
4.713753134116719506e-02 1.986477174915852462e-01 2.805581950661008506e+01 7.802732671339793385e-12
5.052631065335679711e-02 1.079192155370612693e-01 2.525948201531992865e+01 3.167710066609564529e-10
5.415871378079464837e-02 5.620380084127962056e-02 2.152951166851956799e+01 7.314593286513523924e-09
5.805225516094895954e-02 2.801706184532401153e-02 1.735083332045288529e+01 9.788184972963233858e-08
6.222570836730231120e-02 1.335081709448036891e-02 1.320568309225192039e+01 8.224240335379399247e-07
6.669919663030114687e-02 6.068239768644718632e-03 9.480787935968301383e+00 5.022537502359570216e-06
7.149428986597576585e-02 2.627277556698018324e-03 6.413145819265230863e+00 2.571499714659084094e-05
7.663410868007446142e-02 1.081936683804755580e-03 4.082752361461674973e+00 1.178378144317223291e-04
8.214343584919421570e-02 4.233395875601970635e-04 2.443513869453127985e+00 4.893484825976214970e-04
8.804883581643464796e-02 1.573250286543731880e-04 1.373389896692195800e+00 1.843321357682046503e-03
9.437878277775371694e-02 5.554354329207596629e-05 7.241701721518497559e-01 6.298891844730857351e-03
1.011637979766207007e-01 1.862996933793761251e-05 3.578646713669945134e-01 1.952637623759738081e-02
1.084365968689608717e-01 5.925069132148739486e-06 1.655790341030383417e-01 5.491380652556344943e-02
1.162322468679851811e-01 1.776696473259463223e-06 7.166223415279726616e-02 1.401028043549337465e-01
1.245883364295008178e-01 4.976844459474448099e-07 2.898525698401449580e-02 3.242773951322134862e-01
1.335451562929897418e-01 1.290416676418251684e-07 1.072923955984071524e-02 6.809054791817438224e-01
1.431458937523478470e-01 3.090514581713776082e-08 3.769560572967360981e-03 1.297032146972974864e+00
1.534368408930009975e-01 6.926047570214580799e-09 1.271681549653977915e-03 2.241299850661835347e+00
1.644676177994662813e-01 1.496099089326566531e-09 4.076234961947962669e-04 3.513376705250841781e+00
1.762914118095947891e-01 3.206263903104289986e-10 1.189170783123244936e-04 4.995907081231591995e+00
1.889652339691207661e-01 6.794043169521504500e-11 3.019340018576554475e-05 6.444032585831582338e+00
2.025501939230666404e-01 1.363763940434921721e-11 6.625307721167710264e-06 7.539517595801639160e+00
2.171117945694500950e-01 2.453540424533303635e-12 1.345430337518561726e-06 8.001302848626828279e+00
2.327202478960407328e-01 3.784400279690320431e-13 2.890379147012082344e-07 7.701910057299172330e+00
2.494508135230316670e-01 4.868396642354682235e-14 6.819342807565050903e-08 6.724293376066369454e+00
2.673841615839944175e-01 5.199096075320152426e-15 1.546870708093183783e-08 5.324711164707752964e+00
2.866067616948250185e-01 4.855207673142747385e-16 2.939762642708499067e-09 3.824180272250977008e+00
3.072112998861752931e-01 4.759167135352881229e-17 4.350082219109521976e-10 2.490958072711122462e+00
3.292971255097147942e-01 6.085729498247224393e-18 4.835744075469302780e-11 1.471547824291218776e+00
3.529707302730650254e-01 9.209323081764388128e-19 4.045172962742562548e-12 7.884203061175700800e-01
3.783462617131925221e-01 1.306048564803190976e-19 3.003550997683209106e-13 0.000000000000000000e+00
4.055460735840827891e-01 1.548252468227403277e-20 3.409509550670809193e-14 0.000000000000000000e+00
4.347013158125017651e-01 1.468211704475383155e-21 6.253149109611321543e-15 0.000000000000000000e+00
4.659525668664677434e-01 1.083642005131563934e-22 1.089919878918429880e-15 0.000000000000000000e+00
4.994505115855140120e-01 6.062796876512021961e-24 1.476336419519708643e-16 0.000000000000000000e+00
5.353566677410719343e-01 2.499099389109163843e-25 1.476044440588198945e-17 0.000000000000000000e+00
5.738441648302392561e-01 7.359881944030637694e-27 1.053452788907930992e-18 0.000000000000000000e+00
6.150985788580504154e-01 1.508675177263087038e-28 5.183791477836571887e-20 0.000000000000000000e+00
6.593188271333542128e-01 2.355352295185548125e-30 1.692947466912386359e-21 0.000000000000000000e+00
7.067181273927490848e-01 7.843856181891748575e-32 3.520015194837603237e-23 0.000000000000000000e+00
7.575250258771905054e-01 9.104229708010720361e-33 4.505621028527472551e-25 0.000000000000000000e+00
8.119844993184008874e-01 1.081828077554289241e-33 5.074879770112281221e-27 0.000000000000000000e+00
8.703591361485165656e-01 1.035046564507546979e-34 4.383240253310695276e-28 0.000000000000000000e+00
9.329304026284677143e-01 7.719991008214743286e-36 7.682413481237579253e-29 0.000000000000000000e+00
1.000000000000000000e+00 4.374883154278894189e-37 1.052943920990224754e-29 0.000000000000000000e+00
