# Posterior distribution for f, given N merger events. PBH Mass: 0.3 M_sun
# Columns: f, P(f|N=1), P(f|N=10), P(f|N=100)
9.999999999999999547e-07 1.145730848776484911e-05 1.075669244252349944e-77 0.000000000000000000e+00
1.071891319205128528e-06 1.316388465904707027e-05 4.312147254999276332e-77 0.000000000000000000e+00
1.148951000187308475e-06 1.512465672754912177e-05 1.728655277932287049e-76 0.000000000000000000e+00
1.231550603292826123e-06 1.737748756763827105e-05 6.929839722913046644e-76 0.000000000000000000e+00
1.320088400831416760e-06 1.996587908539369495e-05 2.778036595224964948e-75 0.000000000000000000e+00
1.414991297434575852e-06 2.293981347718337905e-05 1.113660232238443170e-74 0.000000000000000000e+00
1.516716888470924146e-06 2.635671758678432503e-05 4.464444579252221417e-74 0.000000000000000000e+00
1.625755666443793459e-06 3.028257200622932132e-05 1.789707811338469694e-73 0.000000000000000000e+00
1.742633386009650705e-06 3.479318515577956727e-05 7.174585279091106130e-73 0.000000000000000000e+00
1.867913599020780929e-06 3.997565713698968972e-05 2.876149384710626916e-72 0.000000000000000000e+00
2.002200371815584564e-06 4.593006162513002305e-05 1.152991331754347094e-71 0.000000000000000000e+00
2.146141197858405979e-06 5.277137827735814077e-05 4.622113529666573667e-71 0.000000000000000000e+00
2.300430119772916844e-06 6.063171297020581915e-05 1.852913454872502312e-70 0.000000000000000000e+00
2.465811075822603893e-06 6.966284873756468379e-05 7.427961056050181377e-70 0.000000000000000000e+00
2.643081486974102836e-06 8.003917666571455246e-05 2.977721347266715653e-69 0.000000000000000000e+00
2.833096101839324281e-06 9.196106333831481345e-05 1.193708921679179693e-68 0.000000000000000000e+00
3.036771118035460538e-06 1.056587198532634071e-04 4.785339667590920853e-68 0.000000000000000000e+00
3.255088599835056550e-06 1.213966471176819510e-04 1.918346436662660762e-67 0.000000000000000000e+00
3.489101213406773843e-06 1.394787432539319337e-04 7.690263914728301621e-67 0.000000000000000000e+00
3.739937302478793814e-06 1.602541717332433223e-04 3.082871177128988300e-66 0.000000000000000000e+00
4.008806328898464506e-06 1.841241035410101580e-04 1.235860446430623893e-65 0.000000000000000000e+00
4.297004704320844031e-06 2.115494635526041017e-04 4.954312578298657337e-65 0.000000000000000000e+00
4.605922041145103558e-06 2.430598306862111202e-04 1.986082487243940727e-64 0.000000000000000000e+00
4.937047852839003774e-06 2.792636636739465007e-04 7.961796243376365779e-64 0.000000000000000000e+00
5.291978735958436362e-06 3.208600498841494516e-04 3.191719562252680700e-63 0.000000000000000000e+00
5.672426068491977286e-06 3.686522040300350750e-04 1.279494050036394239e-62 0.000000000000000000e+00
6.080224261649427418e-06 4.235629773799159817e-04 5.129224204156618389e-62 0.000000000000000000e+00
6.517339604882419798e-06 4.866526768938973400e-04 2.056198080842983793e-61 0.000000000000000000e+00
6.985879746785248997e-06 5.591395382993520884e-04 8.242862505793814211e-61 0.000000000000000000e+00
7.488103857590030710e-06 6.424232483427474473e-04 3.304387614495071828e-60 0.000000000000000000e+00
8.026433522257174640e-06 7.381119703060331745e-04 1.324657862356325312e-59 0.000000000000000000e+00
8.603464416684508890e-06 8.480533944860472149e-04 5.310265599478172158e-59 0.000000000000000000e+00
9.221978823334321272e-06 9.743704130082218168e-04 2.128768959990931536e-58 0.000000000000000000e+00
9.884959046625586455e-06 1.119502107577843202e-03 8.533762532997570452e-58 0.000000000000000000e+00
1.059560179277614854e-05 1.286250841281366252e-03 3.420993818976984767e-57 0.000000000000000000e+00
1.135733358343105172e-05 1.477836363310482777e-03 1.371398611496366395e-56 0.000000000000000000e+00
1.217382727739661976e-05 1.697957970759291467e-03 5.497620617416471006e-56 0.000000000000000000e+00
1.304901978014401602e-05 1.950865927040886308e-03 2.203867262378516185e-55 0.000000000000000000e+00
1.398713102647238687e-05 2.241443514972849601e-03 8.834778442956142233e-55 0.000000000000000000e+00
1.499268432786047117e-05 2.575301307618863868e-03 3.541648077040175432e-54 0.000000000000000000e+00
1.607052818261638468e-05 2.958885475483722782e-03 1.419758909819102010e-53 0.000000000000000000e+00
1.722585965398787565e-05 3.399602219158273826e-03 5.691453540405339801e-53 0.000000000000000000e+00
1.846424942895542385e-05 3.905960727181006804e-03 2.281555880942372967e-52 0.000000000000000000e+00
1.979166867853557454e-05 4.487737415674748417e-03 9.146148915035312744e-52 0.000000000000000000e+00
2.121451784910627868e-05 5.156164616045614234e-03 3.666439967239630157e-51 0.000000000000000000e+00
2.273965752357927516e-05 5.924147347523812945e-03 1.469771895099535074e-50 0.000000000000000000e+00
2.437444150122221616e-05 6.806512351544364604e-03 5.891884607452110243e-50 0.000000000000000000e+00
2.612675225563326344e-05 7.820294185187027375e-03 2.361877283374850597e-49 0.000000000000000000e+00
2.800503894183631128e-05 8.985063882889757561e-03 9.468018092028187487e-49 0.000000000000000000e+00
3.001835813575592089e-05 1.032330651289730707e-02 3.795415383574620296e-48 0.000000000000000000e+00
3.217641750250735676e-05 1.186085489282885305e-02 1.521450545834471908e-47 0.000000000000000000e+00
3.448962260405759859e-05 1.362738780499015041e-02 6.098941130167779935e-47 0.000000000000000000e+00
3.696912707195024335e-05 1.565700228678613276e-02 2.444831139694118092e-46 0.000000000000000000e+00
3.962688638701478144e-05 1.798887098783214303e-02 9.800333157624816626e-46 0.000000000000000000e+00
4.247571552536893796e-05 2.066799720939982085e-02 3.928529631830871650e-45 0.000000000000000000e+00
4.552935074866947907e-05 2.374608210363032129e-02 1.574766196029535081e-44 0.000000000000000000e+00
4.880251583654433487e-05 2.728252064357753262e-02 6.312459049253704825e-44 0.000000000000000000e+00
5.231099308056257952e-05 3.134554541940200167e-02 2.530329205112001482e-43 0.000000000000000000e+00
5.607169938205458130e-05 3.601354011488280132e-02 1.014263751520152273e-42 0.000000000000000000e+00
6.010276782070387642e-05 4.137654772168122830e-02 4.065552600856611258e-42 0.000000000000000000e+00
6.442363508721369713e-05 4.753800221276455878e-02 1.629605047362352727e-41 0.000000000000000000e+00
6.905513520162330260e-05 5.461671658449062522e-02 6.531883467858712459e-41 0.000000000000000000e+00
7.401959996915637120e-05 6.274916496028770663e-02 2.618103816353210611e-40 0.000000000000000000e+00
7.934096665797492082e-05 7.209210190729914425e-02 1.049365096743758520e-39 0.000000000000000000e+00
8.504489341802668747e-05 8.282556833943925667e-02 4.205876127391729781e-39 0.000000000000000000e+00
9.115888299750818402e-05 9.515634046417405234e-02 1.685679770732378032e-38 0.000000000000000000e+00
9.771241535346501675e-05 1.093218862837314065e-01 6.755862974899166572e-38 0.000000000000000000e+00
1.047370897959449686e-04 1.255949033017516592e-01 2.707521712813572192e-37 0.000000000000000000e+00
1.122667773510813578e-04 1.442885214398431648e-01 1.085041527311623711e-36 0.000000000000000000e+00
1.203377840777589337e-04 1.657622668689575918e-01 4.348121870344424633e-36 0.000000000000000000e+00
1.289890261253308021e-04 1.904288956470923944e-01 1.742349560262026525e-35 0.000000000000000000e+00
1.382622173764654864e-04 2.187622208679303182e-01 6.981423953596353509e-35 0.000000000000000000e+00
1.482020705798858503e-04 2.513060736007028950e-01 2.797205215194951237e-34 0.000000000000000000e+00
1.588565129428052810e-04 2.886845563630367484e-01 1.120655645613240614e-33 0.000000000000000000e+00
1.702769172225899476e-04 3.316137683137981851e-01 4.489344399345506746e-33 0.000000000000000000e+00
1.825183494319042592e-04 3.809152038380110850e-01 1.798254772215381274e-32 0.000000000000000000e+00
1.956398343517062703e-04 4.375310507113235881e-01 7.202296096379909292e-32 0.000000000000000000e+00
2.097046401323232709e-04 5.025416404697629069e-01 2.884265119489438831e-31 0.000000000000000000e+00
2.247805833548725178e-04 5.771853317233318625e-01 1.154877236885649315e-30 0.000000000000000000e+00
2.409403560239524325e-04 6.628811364919456883e-01 4.623423885861120190e-30 0.000000000000000000e+00
2.582618760682674902e-04 7.612544294852365834e-01 1.850581936448878837e-29 0.000000000000000000e+00
2.768286630392063972e-04 8.741661094924019215e-01 7.405554273856743140e-29 0.000000000000000000e+00
2.967302408188869536e-04 1.003745609082523416e+00 2.962767889846576633e-28 0.000000000000000000e+00
3.180625692794118915e-04 1.152428171344783037e+00 1.184984430261599899e-27 0.000000000000000000e+00
3.409285069746810937e-04 1.322996827224449889e+00 4.737884241271000821e-27 0.000000000000000000e+00
3.654383070957254701e-04 1.518629509751395323e+00 1.893617315277469053e-26 0.000000000000000000e+00
3.917101490809256391e-04 1.742951726193859185e+00 7.565055288267464442e-26 0.000000000000000000e+00
4.198707084443910179e-04 2.000095168003241053e+00 3.020764009052497956e-25 7.612815444601305788e-318
4.500557675700497698e-04 2.294762560934794582e+00 1.205521631721607338e-24 7.790040661113776176e-312
4.824108704165368721e-04 2.632298930366335110e+00 4.807850098131593067e-24 8.095975297876838362e-306
5.170920242896755517e-04 3.018769262115082785e+00 1.916035445701840044e-23 8.376954094148206571e-300
5.542664520663101490e-04 3.461042254745435365e+00 7.629322483143998931e-23 8.624123186892103848e-294
5.941133984965033281e-04 3.966879457580817725e+00 3.034901430549192255e-22 8.827557043945418092e-288
6.368249944718586218e-04 4.545028534962798794e+00 1.205918893131405662e-21 8.976413936390659364e-282
6.826071834272385728e-04 5.205318650060483776e+00 4.785601023201858456e-21 9.059221477817012462e-276
7.316807143427192690e-04 5.958754971441495130e+00 1.896355902713774360e-20 9.064324663989442143e-270
7.842822061337682274e-04 6.817608016220251699e+00 7.501999720686679444e-20 8.980525161067927958e-264
8.406652885618325121e-04 7.795491892951930346e+00 2.962130876847442486e-19 8.797928741800913818e-258
9.011018251665018231e-04 8.907423431895523436e+00 1.167033374049615695e-18 8.508994923834945313e-252
9.658832241158698054e-04 1.016985163138198445e+01 4.586483393613513991e-18 8.109746317055332205e-246
1.035321843295661671e-03 1.160064376501822991e+01 1.797386383971771458e-17 7.601044070277322606e-240
1.109752496412072130e-03 1.321901087801098384e+01 7.020942461752196448e-17 6.989773150456937293e-234
1.189534067370319513e-03 1.504535130512271301e+01 2.732413302868511104e-16 6.289716402276127126e-228
1.275051240713012809e-03 1.710098641742057168e+01 1.058946371030117884e-15 5.521847305782072118e-222
1.366716356462005988e-03 1.940775834390541021e+01 4.084416797082135250e-15 4.713764496995093889e-216
1.464971398307284749e-03 2.198745541364199241e+01 1.566881729343226533e-14 3.898057128386932901e-210
1.570290124729377445e-03 2.486102828828258993e+01 5.974216726958224681e-14 3.109553173259848327e-204
1.683180353330956556e-03 2.804755929859051022e+01 2.262127934285330213e-13 2.381662991014466283e-198
1.804186409392071833e-03 3.156295083084255282e+01 8.498836521409454709e-13 1.742344722762525439e-192
1.933891750455230159e-03 3.541830754842250428e+01 3.165062490905270814e-12 1.210490273342308571e-186
2.072921779595369735e-03 3.961800393493135886e+01 1.167126582360204035e-11 7.936279538539179156e-181
2.221946860939523916e-03 4.415745510110978955e+01 4.256530655416753760e-11 4.876439294400321210e-175
2.381685551976158062e-03 4.902064690209348896e+01 1.533351382253318136e-10 2.787188739791494716e-169
2.552908068239516468e-03 5.417753159203150659e+01 5.448529236772593465e-10 1.469962186357392335e-163
2.736439997074669155e-03 5.958145626333583067e+01 1.906917128699316909e-09 7.092264501045759869e-158
2.933166278390042427e-03 6.516685880702910083e+01 6.563354670263758951e-09 3.102071279626571758e-152
3.144035471591500111e-03 7.084753198595308277e+01 2.217974526939595247e-08 1.218356088218483517e-146
3.370064329271928172e-03 7.651580822546321770e+01 7.346734663746033649e-08 4.254814646712561062e-141
3.612342699709430310e-03 8.204304033527144213e+01 2.381187529841490956e-07 1.308014498543040495e-135
3.872038781812553020e-03 8.728172986229382957e+01 7.538800757212592804e-07 3.504177589159573600e-130
4.150404757850472380e-03 9.206957103321447278e+01 2.327409626944329425e-06 8.099534436637932240e-125
4.448782831127585241e-03 9.623552765621583660e+01 6.994772384468516917e-06 1.599585010876619239e-119
4.768611697714469390e-03 9.960784850886584252e+01 2.043148172135138149e-05 2.674150152958359534e-114
5.111433483440165799e-03 1.020236742255445535e+02 5.791409557566067529e-05 3.751486237332926468e-109
5.478901179593939109e-03 1.033396300784753379e+02 1.590762789643400106e-04 4.380988201682895420e-104
5.872786613189477124e-03 1.034425772214723906e+02 4.228576891353167983e-04 4.228108956360182663e-99
6.294988990221887619e-03 1.022595517699709262e+02 1.086519584607455310e-03 3.350730716017584638e-94
6.747544053110693212e-03 9.976588694461587181e+01 2.695744355921338327e-03 2.168302009299341980e-89
7.232633896483533706e-03 9.599059988610798655e+01 6.452305068907997557e-03 1.140190015079347676e-84
7.752597488629456302e-03 9.101832247926820685e+01 1.488647650797406824e-02 4.851424636501289877e-80
8.309941949353387078e-03 8.498733941379347812e+01 3.308239202627513698e-02 1.663957168335375526e-75
8.907354638610439843e-03 7.808363410672694727e+01 7.076993568890914410e-02 4.583882977523492159e-71
9.547716114208055702e-03 7.053120209440832866e+01 1.456427138779085861e-01 1.010556840966611218e-66
1.023411402105452693e-02 6.257924485184599916e+01 2.881841642861725505e-01 1.775820221637545128e-62
1.096985797892384082e-02 5.448718065541319078e+01 5.479600979447017961e-01 2.476021842246051084e-58
1.175849554052155709e-02 4.650867706548694258e+01 1.000635091650249331e+00 2.724184673715106459e-54
1.260382929679727468e-02 3.887608949699439620e+01 1.753833917094804296e+00 2.349266081117573712e-50
1.350993521198025175e-02 3.178674403093224399e+01 2.948541190157879743e+00 1.575016429752639820e-46
1.448118227674533021e-02 2.539239402055747874e+01 4.751495318080412922e+00 8.127939934510451578e-43
1.552225357427047987e-02 1.979288889991723366e+01 7.333853395763260785e+00 3.190341248650937058e-39
1.663816886076127308e-02 1.503463045875672499e+01 1.083334498702275894e+01 9.390876157383376673e-36
1.783430876931909465e-02 1.111380771298707515e+01 1.530193746646532205e+01 2.038812603157110634e-32
1.911644075385699609e-02 7.983785905009872508e+00 2.064835658798903850e+01 3.202542879968620057e-29
2.049074689815846145e-02 5.565491261001980661e+00 2.659255413155407410e+01 3.560289685374419976e-26
2.196385372416546911e-02 3.759287711909724550e+00 3.265361918069650926e+01 2.732145961608059044e-23
2.354286414322415491e-02 2.456759767252098658e+00 3.818951810142689851e+01 1.407395188985518453e-20
2.523539170434765944e-02 1.551007876121053952e+00 4.249423337282486557e+01 4.718898247127872295e-18
2.704959730463131484e-02 9.444799521928346486e-01 4.493756834696184654e+01 9.961244976834745332e-16
2.899422853882875281e-02 5.538967269321464215e-01 4.511239636375209017e+01 1.278477327240995748e-13
3.107866187782013997e-02 3.123568859404485809e-01 4.294344839895241250e+01 9.639627936101973296e-12
3.331294787934670210e-02 1.691179811330159044e-01 3.871845189746824900e+01 4.146443388828786501e-10
3.570785964900462933e-02 8.777653383001850218e-02 3.302662499259652407e+01 1.002649240041423026e-08
3.827494478516307169e-02 4.360694454626925370e-02 2.662210821706355546e+01 1.388995142769624529e-07
4.102658105827190066e-02 2.070906503004822652e-02 2.025644704760494719e+01 1.194977512124491978e-06
4.397603609302721400e-02 9.380613757034384284e-03 1.453257181536031517e+01 7.406960532917439978e-06
4.713753134116719506e-02 4.047458774674096878e-03 9.819796829360010193e+00 3.830479518800278369e-05
5.052631065335679711e-02 1.661013334838222933e-03 6.242716612303823354e+00 1.769102808576701407e-04
5.415871378079464837e-02 6.476447934740407666e-04 3.729880578286670634e+00 7.393837638665761445e-04
5.805225516094895954e-02 2.398292234841426201e-04 2.092257586600376751e+00 2.799713481027371262e-03
6.222570836730231120e-02 8.436733199065488402e-05 1.100761710565822282e+00 9.606870762194767363e-03
6.669919663030114687e-02 2.819472168037944566e-05 5.426243040857091637e-01 2.987755582784330441e-02
7.149428986597576585e-02 8.933619098837451242e-06 2.503882537917877515e-01 8.422826948478789877e-02
7.663410868007446142e-02 2.668415411992827055e-06 1.080512836317335801e-01 2.152596108054923296e-01
8.214343584919421570e-02 7.443633133415791950e-07 4.356636419462418114e-02 4.987590300797336007e-01
8.804883581643464796e-02 1.921420959318738863e-07 1.606922906315703600e-02 1.047767743756513381e+00
9.437878277775371694e-02 4.580598349949700112e-08 5.627642183866931637e-03 1.995724415732847978e+00
1.011637979766207007e-01 1.022077186790501942e-08 1.892515051586376442e-03 3.446724133315487215e+00
1.084365968689608717e-01 2.199635140469063858e-09 6.042445767557622733e-04 5.397430042285787266e+00
1.162322468679851811e-01 4.698635385770704894e-10 1.753258360259377883e-04 7.663765015197096631e+00
1.245883364295008178e-01 9.917566787466058575e-11 4.421769361362520157e-05 9.866631978739908604e+00
1.335451562929897418e-01 1.979719853587304323e-11 9.639303436770505585e-06 1.151759292444331706e+01
1.431458937523478470e-01 3.535202217200559032e-12 1.950745201860147323e-06 1.219026523941945328e+01
1.534368408930009975e-01 5.402918310207555164e-13 4.192916114349659885e-07 1.169807684157044392e+01
1.644676177994662813e-01 6.877867346882112509e-14 9.878284678192470336e-08 1.017784961070488947e+01
1.762914118095947891e-01 7.266655033828120833e-15 2.224392375843830952e-08 8.028375844684939366e+00
1.889652339691207661e-01 6.737057137184622665e-16 4.177600765137827443e-09 5.741417997171446075e+00
2.025501939230666404e-01 6.623567391728613441e-17 6.090723390571367604e-10 3.722376239517903418e+00
2.171117945694500950e-01 8.533892097039648639e-18 6.656688929859006429e-11 2.187868437585403836e+00
2.327202478960407328e-01 1.288202635490685313e-18 5.478928159158932395e-12 1.165769741377013835e+00
2.494508135230316670e-01 1.807313798133957954e-19 4.068355888356215230e-13 0.000000000000000000e+00
2.673841615839944175e-01 2.111241605061554058e-20 4.747046934438250666e-14 0.000000000000000000e+00
2.866067616948250185e-01 1.967731101296705028e-21 8.747336317574928508e-15 0.000000000000000000e+00
3.072112998861752931e-01 1.423665673861230181e-22 1.502303890602280378e-15 0.000000000000000000e+00
3.292971255097147942e-01 7.785210639652092862e-24 1.993688697009568377e-16 0.000000000000000000e+00
3.529707302730650254e-01 3.126171943925052344e-25 1.945938030676000802e-17 0.000000000000000000e+00
3.783462617131925221e-01 8.935755430856295880e-27 1.350709366833626313e-18 0.000000000000000000e+00
4.055460735840827891e-01 1.773159397647316933e-28 6.436465151305824203e-20 0.000000000000000000e+00
4.347013158125017651e-01 2.739292160199559554e-30 2.025672599461965457e-21 0.000000000000000000e+00
4.659525668664677434e-01 1.009617512664280142e-31 4.036588483805729751e-23 0.000000000000000000e+00
4.994505115855140120e-01 1.199819735114963370e-32 4.939090853370208901e-25 0.000000000000000000e+00
5.353566677410719343e-01 1.398183808489122067e-33 5.878524478042072595e-27 0.000000000000000000e+00
5.738441648302392561e-01 1.305064760488552749e-34 5.871590496000504916e-28 0.000000000000000000e+00
6.150985788580504154e-01 9.461971148815414103e-36 1.011275538508763145e-28 0.000000000000000000e+00
6.593188271333542128e-01 5.191075751173646237e-37 1.345574399852817458e-29 0.000000000000000000e+00
7.067181273927490848e-01 2.094249045579387908e-38 1.316493979709533534e-30 0.000000000000000000e+00
7.575250258771905054e-01 6.020008744820272202e-40 9.174919762139209890e-32 0.000000000000000000e+00
8.119844993184008874e-01 1.190886963391990033e-41 4.399060060312518958e-33 0.000000000000000000e+00
8.703591361485165656e-01 1.560339812343988417e-43 1.396554728063736444e-34 0.000000000000000000e+00
9.329304026284677143e-01 1.298139971946534717e-45 2.814299442181463573e-36 0.000000000000000000e+00
1.000000000000000000e+00 6.546333077773522241e-48 3.436470213307870593e-38 0.000000000000000000e+00
